x,y,z
42.90215660193263,71.40117898118524,119.4
42.9006114877079,71.39860747928313,119.82
42.89700622118353,71.39260730817821,120.24
42.8903107262097,71.38146413326909,120.67
42.881040040861315,71.36603512185644,121.09
42.86919416513839,71.34632027394031,121.51
42.854258060965996,71.32146242221994,121.93
42.83726180449396,71.29317590129678,122.35
42.81717531957247,71.25974637656938,122.77
42.79502868235134,71.2228881826392,123.2
42.769791816680744,71.1808869849048,123.62
42.7419797606356,71.13459995066688,124.04
42.711077476141,71.08316991262475,124.46
42.67811503934676,71.02831120537982,124.88
42.642577412177964,70.96916666163138,125.29
42.603949556559705,70.90487911407871,125.71
42.5627465105669,70.83630573002254,126.13
42.51896827419955,70.76344650946287,126.55
42.47261484745764,70.68630145239968,126.97
42.42368623034119,70.60487055883299,127.38
42.37218242285018,70.51915382876275,127.8
42.31758838690972,70.42829409488834,128.21
42.2604191605947,70.3331485245104,128.63
42.20118978198005,70.23457428492966,129.04
42.13887017491592,70.1308570415447,129.45
42.07397537747726,70.02285396165624,129.86
42.00599035158913,69.90970787796356,130.27
41.935945173401365,69.79313312506808,130.68
41.862809766764144,69.67141536836839,131.09
41.787614207827275,69.54626894246587,131.5
41.70932842044095,69.41597951275915,131.91
41.62846744268006,69.2814042465489,132.31
41.544516236469725,69.14168597653446,132.72
41.45850487795975,68.99853903731722,133.12
41.36991832907522,68.85110626159646,133.52
41.278241551741225,68.69853048207148,133.92
41.18398958403268,68.54166886604298,134.32
41.0871624259496,68.380521413511,134.72
40.987760077491956,68.21508812447549,135.12
40.88578253865977,68.04536899893647,135.51
40.78122980945302,67.87136403689394,135.91
40.67358685179682,67.6922160710472,136.3
40.563368703766066,67.50878226869695,136.69
40.451090403435686,67.32191979714389,137.08
40.33572187465583,67.12991432178661,137.47
40.21726311742651,66.93276584262513,137.86
40.096744207897565,66.73218869426084,138.24
39.97365010799406,66.52732570939303,138.63
39.84746577964109,66.317319720721,139.01
39.71870626091358,66.10302789554548,139.39
39.587371551811515,65.88445023386645,139.77
39.4534616523349,65.66158673568388,140.14
39.31697656248374,65.43443740099782,140.52
39.17740124418311,65.20214506250755,140.89
39.03576577358285,64.96642405481448,141.26
38.89104007453312,64.72556004331719,141.63
38.74373918510884,64.48041019531638,142.0
38.59386310531002,64.23097451081206,142.36
38.44141183513665,63.97725298980425,142.73
38.28587033651381,63.7183884649922,143.09
38.12826868559134,63.45609527097736,143.45
37.9675768062194,63.188659073158306,143.8
37.80430973647291,62.91693703883573,144.16
37.63846747635187,62.64092916800965,144.51
37.47005002585628,62.36063546068006,144.86
37.29854234691123,62.07519874954625,145.2
37.124974515666544,61.78633336920964,145.55
36.9483164559724,61.49232498506883,145.89
36.769083205903705,61.19403076442449,146.23
36.58727476546045,60.89145070727664,146.57
36.40289113464266,60.58458481362529,146.9
36.215417275375394,60.272575916169714,147.23
36.02536822573358,59.95628118221064,147.56
35.83325902379213,59.636557779048744,147.89
35.637544555326315,59.31083420478195,148.21
35.43976993456085,58.98168196131233,148.54
35.23942012342084,58.64824388133922,148.85
35.03598008383136,58.30966279756188,149.17
34.829964853867345,57.96679587728104,149.48
34.62137443352877,57.61964312049668,149.79
34.410208822815655,57.268204527208816,150.1
34.19646802172798,56.912480097417436,150.4
33.97963699219084,56.55161266382184,150.7
33.760230772279165,56.18645939372275,151.0
33.538249361992925,55.81702028712013,151.3
33.31369276133215,55.44329534401402,151.59
33.08656097029681,55.06528456440439,151.87
32.85633895081202,54.68213078099054,152.16
32.62354174095267,54.29469116107318,152.44
32.388169340718775,53.90296570465232,152.72
32.14970671203542,53.50609724442724,152.99
31.909183931052425,53.105800114999354,153.26
31.6671160358447,52.70293148366936,153.53
31.425048140636974,52.30006285233937,153.8
31.180920093129608,51.89376555180657,154.06
30.933701817172782,51.482325247469554,154.31
30.684938426991227,51.06831344123044,154.57
30.43308480836021,50.6491586311871,154.81
30.17917103742955,50.226575151940956,155.06
29.922682076124346,49.79970583619131,155.3
29.664132962519496,49.36940785123885,155.54
29.4030086585401,48.934824029782874,155.77
29.13930916418615,48.495954371823395,156.0
28.873549517532563,48.05365604466111,156.23
28.605729718579333,47.60792904829601,156.45
28.335334729251556,47.1579162154274,156.67
28.062364549549226,46.70361754605528,156.88
27.787334217547258,46.24589020748035,157.09
27.51024373324565,45.78473419970262,157.3
27.2310930966444,45.32014952272207,157.5
26.949367269668603,44.85127900923802,157.69
26.665581290393163,44.37897982655115,157.88
26.379735158818082,43.90325197466148,158.07
26.09131383686845,43.423238286268294,158.25
25.80083236261918,42.939795928672304,158.43
25.508805774145177,42.45378206917421,158.61
25.21420399529663,41.9634823731726,158.78
24.91754206414844,41.469754007968184,158.94
24.618304942625695,40.97173980626026,159.1
24.317522706878226,40.471154102650225,159.26
24.01468031883111,39.967139729837385,159.41
23.709777778484355,39.459696687821726,159.55
23.402815085837965,38.94882497660327,159.69
23.093792240891933,38.434524596182,159.83
22.78270924364626,37.91679554655793,159.96
22.470081132175856,37.396494995031745,160.08
22.155392868405816,36.872765774302756,160.2
21.83864445233613,36.345607884370956,160.32
21.519835883966806,35.81502132523635,160.43
21.19896716329784,35.281006096898935,160.53
20.87655332840415,34.744419366659415,160.63
20.552594379285726,34.205261134517784,160.73
20.22657527786766,33.66267423317335,160.81
19.898496024149953,33.1166586626261,160.9
19.56887165620752,32.56807159017675,160.98
19.237187135965446,32.01605584852459,161.05
18.903957501498642,31.461468604970324,161.12
18.569182752807105,30.90430985951395,161.18
18.23286288989084,30.344579612155474,161.23
17.89448287467493,29.781420695594182,161.29
17.5545577452343,29.215690277130793,161.33
17.213087501568932,28.647388356765287,161.37
16.870072143678836,28.076514934497684,161.4
16.5249966334891,27.50221284302727,161.43
16.17889104714954,26.92619641695545,161.46
15.831240346585254,26.34760848898152,161.47
15.482044531796237,25.76644905910549,161.48
15.131303602782491,25.18271812732735,161.49
14.779017559544014,24.596415693647106,161.49
14.425186402080806,24.007541758064754,161.48
14.070325168467779,23.416953487881,161.47
13.71391882063002,22.823793715795137,161.45
13.356482396642443,22.228919609107873,161.43
12.997500858430135,21.6314740005185,161.4
12.636974205993099,21.031456890027023,161.36
12.275417477406238,20.42972544493414,161.32
11.91283067266956,19.826279665239852,161.27
11.54869875370815,19.22026238364346,161.22
11.183536758596922,18.612530767445662,161.16
10.817344687335874,18.00308481664646,161.1
10.450122539925005,17.391924531245856,161.03
10.081870316364316,16.779049911243845,160.95
9.712072978578897,16.163603789339728,160.86
9.34176060271857,15.547300500134911,160.78
8.97041815070842,14.929282876328688,160.68
8.59804562254845,14.309550917921058,160.58
8.224643018238659,13.688104624912027,160.47
7.850210337779051,13.064943997301594,160.36
7.47526261924453,12.440926202390454,160.24
7.099284824560192,11.815194072877913,160.11
6.722276953726031,11.187747608763967,159.98
6.344754044816962,10.55944397734932,159.84
5.966716097832982,9.93028317863397,159.7
5.588163112774091,9.300265212617916,159.55
5.208580051565381,8.66853291200046,159.39
4.828172929436815,8.03542914370188,159.23
4.447405280655811,7.401725358292808,159.06
4.066071089992407,6.767078688852965,158.89
3.6842218612540925,6.1315748521124185,158.71
3.301909098248359,5.495299564801241,158.52
2.919132800975207,4.858252826919431,158.33
2.5358929694346353,4.2204346384669895,158.14
2.1522926112416263,3.582016432904056,157.93
1.768331726396181,2.9429982102306314,157.72
1.3840618187057894,2.303465687176786,157.51
0.9994828881704518,1.663418863742519,157.29
0.6146979424051501,1.0230291733879708,157.06
0.2296812295061388,0.3822537577481069,156.82
-0.15551059633834186,-0.2588130947739957,156.59
-0.5408414824630482,-0.900111382467288,156.34
-0.926295977725733,-1.5416153903127485,156.09
-1.3118019767959088,-2.18320511488828,155.83
-1.6973594796735756,-2.8248805561938806,155.57
-2.0829169825512426,-3.4665559974994817,155.3
-2.4684229816214183,-4.108145722075013,155.03
-2.8538259730766122,-4.749564013190404,154.75
-3.239177460724315,-5.390896587575724,154.47
-3.624374436949544,-6.031972011770833,154.18
-4.009416901752301,-6.672790285775732,153.88
-4.3942018475176035,-7.3131799761302805,153.58
-4.77872927424545,-7.953141082834477,153.27
-5.163256700973297,-8.593102189538675,152.96
-5.546960066781287,-9.231691828561747,152.64
-5.930663432589277,-9.870281467584821,152.32
-6.3138517603223585,-10.508013939307192,151.99
-6.696525049980528,-11.144889243728862,151.66
-7.078683301563789,-11.780907380849829,151.32
-7.460841553147049,-12.416925517970796,150.97
-7.84196972858049,-13.051229320490359,150.62
-8.22258286593902,-13.68467595570922,150.27
-8.602680965222639,-14.317265423627378,149.91
-8.98226402643135,-14.948997724244837,149.54
-9.36081701149024,-15.579015690260889,149.17
-9.739369996549131,-16.20903365627694,148.8
-10.11637786738329,-16.836480120390885,148.42
-10.492870700142541,-17.46306941720413,148.04
-10.868848494826882,-18.088801546716674,147.65
-11.2437962133614,-18.71281934162781,147.25
-11.617713855746098,-19.33512280193754,146.85
-11.991116460055888,-19.956569094946573,146.45
-12.36297395014095,-20.5754438860535,146.04
-12.734316402151098,-21.193461509859723,145.63
-13.104628778011426,-21.80976479906454,145.22
-13.473396039647026,-22.423496586367254,144.79
-13.841648263207714,-23.036371206369264,144.37
-14.208355372543673,-23.646674324469167,143.94
-14.574032405729811,-24.255263107967668,143.51
-14.93867936276613,-24.86213755686476,143.07
-15.302296243652629,-25.467297671160452,142.63
-15.664368010314398,-26.069886283554037,142.18
-16.025409700826344,-26.670760561346217,141.73
-16.38490627711356,-27.269063337236293,141.28
-16.742857739176053,-27.864794611224262,140.82
-17.09977912508872,-28.458811550610825,140.36
-17.455155396776657,-29.05025698809528,139.9
-17.808986554239866,-29.639130923677634,139.43
-18.16178763555325,-30.226290524658577,138.96
-18.512528564567,-30.81002145643672,138.48
-18.862239417430924,-31.39203805361345,138.01
-19.20989011799521,-31.97062598158738,137.52
-19.55599570433477,-32.5466424076592,137.04
-19.901071214524507,-33.120944499129614,136.55
-20.2440865724146,-33.69181792139722,136.06
-20.58555681607997,-34.26011984176272,135.57
-20.924966907445693,-34.82499309292541,135.07
-21.26283188458669,-35.387294842185995,134.57
-21.599151747502955,-35.947025089544475,134.07
-21.93341145811958,-36.503326667700144,133.57
-22.266126054511474,-37.05705674395371,133.06
-22.59678049860373,-37.60735815100447,132.55
-22.925374790396347,-38.15423088885242,132.04
-23.25242396796423,-38.698532124798255,131.53
-23.577412993232475,-39.23940469154129,131.01
-23.900341866201078,-39.77684858908151,130.49
-24.221725624944956,-40.311720984719635,129.97
-24.54053419331428,-40.84230754385424,129.45
-24.85779764745887,-41.37032260108674,128.93
-25.172485911228915,-41.89405182181573,128.4
-25.485629060774226,-42.415209540642614,127.87
-25.7967120580199,-42.932938590266694,127.34
-26.105219864891023,-43.446381803387254,126.81
-26.411667519462505,-43.95639634730501,126.28
-26.716055021734345,-44.46298222201996,125.75
-27.01838237170655,-44.9661394275321,125.21
-27.3181345313042,-45.465010796540724,124.68
-27.61634157667712,-45.96131066364725,124.14
-27.911458393600583,-46.45246752694956,123.6
-28.205030096299314,-46.941052888349766,123.07
-28.496026608623495,-47.425352413246465,122.53
-28.784447930573123,-47.90536610163964,121.99
-29.070809100223116,-48.38195112083002,121.45
-29.354595079498555,-48.85425030351688,120.91
-29.636320906474356,-49.323120817000934,120.37
-29.915471543075608,-49.787705493981484,119.82
-30.192562027377214,-50.248861501759215,119.28
-30.467077321304274,-50.70573167303344,118.74
-30.739017424856783,-51.15831600780416,118.2
-31.008382338034743,-51.60661450607137,117.66
-31.27568709891306,-52.05148433513576,117.12
-31.540416669416825,-52.49206832769664,116.58
-31.802056011471134,-52.92750931645332,116.03
-32.06215023930071,-53.36037880330789,115.49
-32.31915423868083,-53.78810528635824,114.95
-32.5735830476864,-54.211545932905075,114.42
-32.825436666317415,-54.63070074294841,113.88
-33.07832036109825,-55.051569887593146,113.34
-33.32965894165435,-55.469867530335776,112.8
-33.57842233183591,-55.8838793365749,112.26
-33.824610531642925,-56.29360530631052,111.73
-34.068223541075376,-56.699045439542616,111.19
-34.30874632205837,-57.0993425689705,110.66
-34.54720895074173,-57.49621102919557,110.13
-34.782581350975626,-57.88793648561644,109.59
-35.01486352276005,-58.27451893823309,109.06
-35.24508554224485,-58.65767272164694,108.54
-35.472217333280184,-59.03568350125657,108.01
-35.69677393394097,-59.40940844436268,107.48
-35.91824030615229,-59.7779903836646,106.96
-36.137646526063975,-60.1431436537637,106.44
-36.35396251752619,-60.50315392005858,105.92
-36.56718828053896,-60.85802118254925,105.4
-36.77835389125208,-61.20945977583713,104.89
-36.986429273515746,-61.55575536532078,104.38
-37.191929465404854,-61.897765118300924,103.87
-37.39433942884451,-62.23463186747685,103.36
-37.5941742019096,-62.56721278014926,102.85
-37.79143378460016,-62.89550785631818,102.35
-37.98560313884125,-63.218659928682875,101.85
-38.17719730270779,-63.53752616454406,101.35
-38.36621627619978,-63.85210656390174,100.85
-38.5521450212423,-64.16154395945519,100.36
-38.73549857591029,-64.46669551850515,99.871
-38.91576190212881,-64.76670407375089,99.385
-39.09345003797277,-65.06242679249311,98.901
-39.26804794536728,-65.35300650743113,98.421
-39.44007066238724,-65.63930038586564,97.944
-39.609518189032656,-65.92130842779665,97.471
-39.77536044915369,-66.19731629862271,97.001
-39.93914255697509,-66.469895500246,96.534
-40.099319398272115,-66.73647453076434,96.072
-40.25692104919459,-66.99876772477919,95.613
-40.4114324716676,-67.25591791498982,95.158
-40.563368703766066,-67.50878226869695,94.706
-40.71169966934017,-67.75564645129916,94.26
-40.85745544453971,-67.99822479739785,93.817
-40.99960595321489,-68.23480297239163,93.378
-41.1386662334406,-68.46623814358121,92.945
-41.275151323291766,-68.69338747826727,92.515
-41.40751610854365,-68.9136794745477,92.091
-41.536790665346075,-69.12882846702394,91.671
-41.66245995562412,-69.33797728839525,91.256
-41.78503901745272,-69.54198310596234,90.846
-41.90298273660712,-69.73827441782313,90.442
-42.01680615116224,-69.9277083912783,90.044
-42.12650926111809,-70.11028502632786,89.651
-42.23054695224992,-70.28343282106968,89.264
-42.32840418648283,-70.44629460820309,88.884
-42.420080963816815,-70.59887038772806,88.51
-42.52772392147302,-70.77801835357481,88.135
-42.63588191720413,-70.95802348672224,87.764
-42.740949684485784,-71.13288561606548,87.399
-42.84241218524306,-71.3017475743038,87.04
-42.94078445755088,-71.46546652873789,86.687
-43.03503642525943,-71.62232814476639,86.34
-43.12516808836868,-71.77233242238925,86.0
-43.209634332653934,-71.9129078597044,85.667
-43.28328477736607,-72.03548278370481,85.343
-43.34302919405564,-72.13491419058624,85.029
-43.438311237914,-72.29349014121614,84.707
-43.53153312947271,-72.44863742264322,84.392
-43.62217983065689,-72.5994988675668,84.083
-43.7102513414665,-72.74607447598684,83.781
-43.79626269997648,-72.8892214152041,83.485
-43.879698868111916,-73.02808251791785,83.196
-43.96055984587279,-73.16265778412807,82.913
-44.03936067133403,-73.2938043811355,82.637
-44.11558630642072,-73.42066514163942,82.368
-44.18975178920777,-73.54409723294053,82.105
-44.26134208162026,-73.66324348773811,81.85
-44.33087222173312,-73.7789610733329,81.601
-44.39782717147143,-73.89039282242418,81.359
-44.46272196891009,-73.99839590231264,81.125
-44.525556614049115,-74.1029703129983,80.898
-44.58633110688851,-74.20411605448115,80.677
-44.644530409353344,-74.30097595946049,80.464
-44.70066955951854,-74.39440719523701,80.259
-44.7547485573841,-74.48440976181074,80.061
-44.80676740295001,-74.57098365918165,79.87
-44.856726096216285,-74.65412888734974,79.687
-44.90410959910801,-74.73298827901435,79.511
-44.94994798777501,-74.80927616877683,79.344
-44.99372622414236,-74.88213538933651,79.183
-45.034929270135166,-74.95070877339268,79.031
-45.074587201903235,-75.01671065554675,78.886
-45.112184981371676,-75.07928386849801,78.749
-45.14772260854047,-75.13842841224645,78.621
-45.18171512148453,-75.19500145409278,78.5
-45.21313244405405,-75.24728865943561,78.387
-45.243004652398824,-75.29700436287634,78.282
-45.27133174651888,-75.34414856441495,78.185
-45.29708365026438,-75.38700692945005,78.096
-45.32180547786007,-75.42815095988377,78.015
-45.3444671531561,-75.46586632111465,77.943
-45.426358207066805,-75.6021559219263,77.854
-45.47786201455781,-75.6878726519965,77.784
-45.52009513670044,-75.75816037065408,77.725
-45.556147801944135,-75.81816208170322,77.676
-45.589110238738385,-75.87302078894815,77.636
-45.618467409008254,-75.92187932508817,77.605
-45.64524938890358,-75.96645202472469,77.583
-45.66945617842435,-76.00673888785768,77.569
-45.69160281564549,-76.04359708178788,77.564
-45.711174262492065,-76.07616943921455,77.567
-45.729200595113916,-76.10617029473913,77.579
-45.74516677543613,-76.1327424810609,77.599
-45.75958784153361,-76.15674316548055,77.628
-45.77194875533145,-76.1773151806974,77.665
-45.78276455490456,-76.19531569401215,77.71
-45.79203524025294,-76.21074470542479,77.764
-45.79924577330169,-76.22274504763462,77.827
-45.80542623020061,-76.23303105524305,77.898
-45.810061572874794,-76.24074556094935,77.977
-45.81315180132425,-76.24588856475357,78.065
-45.814696915548986,-76.24846006665568,78.162
-45.815211953623894,-76.24931723395638,78.266
-45.81418187747408,-76.24760289935499,78.379
-45.812121725174435,-76.24417423015217,78.501
-45.80851645865006,-76.23817405904725,78.631
-45.80336607790097,-76.22960238604024,78.769
-45.79770065907696,-76.22017354573252,78.916
-45.79049012602821,-76.20817320352268,79.07
-45.78224951682966,-76.19445852671146,79.233
-45.772978831481275,-76.17902951529881,79.405
-45.762163031908166,-76.16102900198406,79.585
-45.75083219426014,-76.14217132136862,79.772
-45.7384712804623,-76.12159930615177,79.968
-45.72508029051464,-76.09931295633352,80.173
-45.71065922441716,-76.07531227191384,80.385
-45.695723120244764,-76.05045442019349,80.605
-45.67975693992255,-76.02388223387172,80.834
-45.66276068345052,-75.99559571294856,81.07
-45.644734350828664,-75.96559485742398,81.314
-45.626192980131904,-75.93473683459871,81.567
-45.607136571360236,-75.90302164447273,81.827
-45.587050086438744,-75.86959211974535,82.095
-45.566448563442336,-75.83530542771726,82.37
-45.545332002371026,-75.80016156838848,82.654
-45.5237004032248,-75.76416054175898,82.945
-45.501038727928766,-75.72644518052809,83.244
-45.47786201455781,-75.6878726519965,83.55
-45.454685301186856,-75.6493001234649,83.864
-45.43047851166609,-75.6090132603319,84.185
-45.405756684070404,-75.5678692298982,84.514
-45.38103485647472,-75.5267251994645,84.85
-45.35579799080413,-75.4847240017301,85.193
-45.330046087058626,-75.441865636695,85.544
-45.30377914523822,-75.39815010435919,85.901
-45.2775122034178,-75.35443457202338,86.266
-45.250730223522474,-75.30986187238686,86.638
-45.223948243627156,-75.26528917275036,87.016
-45.19665122565692,-75.21985930581315,87.402
-45.16935420768669,-75.17442943887593,87.794
-45.14154215164155,-75.12814240463803,88.193
-45.11424513367131,-75.0827125377008,88.599
-45.086433077626175,-75.0364255034629,89.011
-45.05862102158103,-74.99013846922499,89.429
-45.030293927460974,-74.94299426768636,89.854
-45.00248187141583,-74.89670723344845,90.285
-44.97466981537068,-74.85042019921053,90.722
-44.946857759325546,-74.80413316497263,91.166
-44.918530665205495,-74.75698896343401,91.615
-44.890718609160345,-74.71070192919609,92.071
-44.86342159119012,-74.66527206225888,92.532
-44.835609535144975,-74.61898502802096,92.999
-44.80831251717474,-74.57355516108376,93.471
-44.78101549920451,-74.52812529414655,93.95
-44.75371848123428,-74.48269542720934,94.433
-44.726936501338955,-74.43812272757282,94.922
-44.70066955951854,-74.39440719523701,95.416
-44.67440261769812,-74.3506916629012,95.916
-44.64813567587771,-74.30697613056539,96.42
-44.62289881020712,-74.264974932831,96.929
-44.59714690646162,-74.2221165677959,97.443
-44.57242507886593,-74.1809725373622,97.962
-44.54770325127025,-74.13982850692848,98.485
-44.52349646174948,-74.09954164379549,99.013
-44.499804710303614,-74.06011194796318,99.546
-44.47662799693266,-74.02153941943159,100.08
-44.45396632163662,-73.9838240582007,100.62
-44.431819684415494,-73.94696586427051,101.17
-44.41018808526927,-73.91096483764102,101.72
-44.38855648612305,-73.87496381101154,102.27
-44.36795496312664,-73.84067711898345,102.82
-44.34786847820515,-73.80724759425605,103.38
-44.32829703135857,-73.77467523682938,103.95
-44.3092406225869,-73.74296004670342,104.51
-44.29121428996504,-73.71295919117883,105.08
-44.27318795734319,-73.68295833565426,105.66
-44.25619170087116,-73.65467181473109,106.23
-44.23971048247404,-73.62724246110862,106.81
-44.22425934022674,-73.60152744208756,107.39
-44.209323236054345,-73.5766695903672,107.98
-44.19490216995686,-73.55266890594754,108.56
-44.180996141934294,-73.52952538882857,109.15
-44.16812019006154,-73.50809620631104,109.74
-44.15627431433861,-73.48838135839488,110.34
-44.14442843861568,-73.46866651047873,110.93
-44.13412767711748,-73.45152316446469,111.53
-44.12382691561928,-73.43437981845065,112.13
-44.1145562302709,-73.41895080703802,112.73
-44.10631562107233,-73.40523613022677,113.33
-44.09859004994868,-73.39237862071624,113.93
-44.09189455497485,-73.3812354458071,114.54
-44.08571409807593,-73.37094943819868,115.14
-44.08056371732683,-73.36237776519167,115.75
-44.07592837465265,-73.35466325948535,116.35
-44.07232310812827,-73.34866308838043,116.96
-44.06974791775372,-73.34437725187692,117.57
-44.06768776545408,-73.34094858267412,118.18
-44.06614265122935,-73.338377080772,118.79
-44.06614265122935,-73.338377080772,119.4
-44.06614265122935,-73.338377080772,120.01
-44.06768776545408,-73.34094858267412,120.61
-44.06974791775372,-73.34437725187692,121.22
-44.07232310812827,-73.34866308838043,121.83
-44.07592837465265,-73.35466325948535,122.44
-44.08056371732683,-73.36237776519167,123.05
-44.08571409807593,-73.37094943819868,123.65
-44.09189455497485,-73.3812354458071,124.26
-44.09859004994868,-73.39237862071624,124.86
-44.10631562107233,-73.40523613022677,125.46
-44.1145562302709,-73.41895080703802,126.07
-44.12382691561928,-73.43437981845065,126.67
-44.13361263904257,-73.45066599716398,127.27
-44.14442843861568,-73.46866651047873,127.86
-44.1557592762637,-73.48752419109418,128.46
-44.16812019006154,-73.50809620631104,129.05
-44.180996141934294,-73.52952538882857,129.64
-44.19438713188196,-73.55181173864685,130.23
-44.20880819797944,-73.5758124230665,130.82
-44.22374430215183,-73.60067027478685,131.4
-44.23971048247404,-73.62724246110862,131.98
-44.25619170087116,-73.65467181473109,132.56
-44.27318795734319,-73.68295833565426,133.14
-44.29069925189014,-73.71210202387813,133.71
-44.3092406225869,-73.74296004670342,134.28
-44.32829703135857,-73.77467523682938,134.85
-44.34786847820515,-73.80724759425605,135.41
-44.36795496312664,-73.84067711898345,135.97
-44.38855648612305,-73.87496381101154,136.53
-44.40967304719436,-73.91010767034032,137.08
-44.43130464634058,-73.9461086969698,137.63
-44.45396632163662,-73.9838240582007,138.17
-44.47662799693266,-74.02153941943159,138.71
-44.499804710303614,-74.06011194796318,139.25
-44.52349646174948,-74.09954164379549,139.78
-44.54770325127025,-74.13982850692848,140.31
-44.571910040791025,-74.18011537006149,140.83
-44.59714690646162,-74.2221165677959,141.35
-44.62238377213221,-74.26411776553029,141.87
-44.64813567587771,-74.30697613056539,142.37
-44.67388757962322,-74.3498344956005,142.88
-44.70015452144363,-74.39355002793631,143.38
-44.726936501338955,-74.43812272757282,143.87
-44.75371848123428,-74.48269542720934,144.36
-44.7805004611296,-74.52726812684584,144.84
-44.807797479099825,-74.57269799378305,145.32
-44.83509449707007,-74.61812786072026,145.8
-44.8629065531152,-74.66441489495817,146.26
-44.890718609160345,-74.71070192919609,146.72
-44.918530665205495,-74.75698896343401,147.18
-44.94634272125064,-74.80327599767192,147.63
-44.97415477729578,-74.84956303190984,148.07
-45.00196683334092,-74.89585006614776,148.51
-45.030293927460974,-74.94299426768636,148.94
-45.05810598350612,-74.98928130192428,149.37
-45.08591803955126,-75.0355683361622,149.78
-45.1137300955964,-75.0818553704001,150.2
-45.14154215164155,-75.12814240463803,150.6
-45.16883916961178,-75.17357227157524,151.0
-45.19613618758201,-75.21900213851245,151.39
-45.22343320555224,-75.26443200544965,151.78
-45.25021518544757,-75.30900470508617,152.16
-45.27699716534289,-75.35357740472267,152.53
-45.3032641071633,-75.39729293705848,152.89
-45.32953104898372,-75.44100846939429,153.25
-45.35528295272922,-75.48386683442939,153.6
-45.38051981839981,-75.5258680321638,153.95
-45.405756684070404,-75.5678692298982,154.28
-45.42996347359117,-75.6081560930312,154.61
-45.454170263111955,-75.6484429561642,154.93
-45.47786201455781,-75.6878726519965,155.25
-45.50052368985385,-75.7255880132274,155.55
-45.5231853651499,-75.76330337445829,155.85
-45.544816964296125,-75.79930440108778,156.14
-45.566448563442336,-75.83530542771726,156.43
-45.587050086438744,-75.86959211974535,156.7
-45.607136571360236,-75.90302164447273,156.97
-45.626192980131904,-75.93473683459871,157.23
-45.644734350828664,-75.96559485742398,157.48
-45.66224564537561,-75.99473854564786,157.73
-45.67924190184765,-76.02302506657102,157.96
-45.69520808216985,-76.04959725289278,158.19
-45.71065922441716,-76.07531227191384,158.41
-45.72508029051464,-76.09931295633352,158.62
-45.7384712804623,-76.12159930615177,158.83
-45.75083219426014,-76.14217132136862,159.02
-45.762163031908166,-76.16102900198406,159.21
-45.772978831481275,-76.17902951529881,159.39
-45.78224951682966,-76.19445852671146,159.56
-45.79049012602821,-76.20817320352268,159.73
-45.79770065907696,-76.22017354573252,159.88
-45.80336607790097,-76.22960238604024,160.03
-45.80851645865006,-76.23817405904725,160.17
-45.812121725174435,-76.24417423015217,160.3
-45.81418187747408,-76.24760289935499,160.42
-45.815211953623894,-76.24931723395638,160.53
-45.815211953623894,-76.24931723395638,160.64
-45.81366683939917,-76.24674573205428,160.73
-45.8105766109497,-76.24160272825006,160.82
-45.80594126827552,-76.23388822254374,160.9
-45.80027584945151,-76.22445938223602,160.97
-45.79255027832786,-76.2116018727255,161.03
-45.783279592979476,-76.19617286131285,161.09
-45.772978831481275,-76.17902951529881,161.13
-45.76061791768343,-76.15845750008197,161.17
-45.74619685158595,-76.1344568156623,161.2
-45.73023067126374,-76.10788462934055,161.22
-45.7127193767168,-76.07874094111666,161.23
-45.692632891795306,-76.04531141638928,161.24
-45.67100129264908,-76.00931038975979,161.23
-45.64679450312831,-75.9690235266268,161.22
-45.620527561307895,-75.92530799429099,161.2
-45.59117039103802,-75.87644945815096,161.17
-45.5592380303936,-75.82330508550743,161.13
-45.5231853651499,-75.76330337445829,161.08
-45.482497357232,-75.69558715770282,161.02
-45.43305370204063,-75.6132990968354,160.95
-45.3444671531561,-75.46586632111465,160.86
-45.322320515934976,-75.42900812718446,160.79
-45.2981137264142,-75.38872126405145,160.71
-45.27184678459379,-75.34500573171566,160.62
-45.24403472854865,-75.29871869747774,160.52
-45.214162520203864,-75.24900299403701,160.42
-45.18223015955944,-75.19585862139348,160.3
-45.14875268469029,-75.14014274684786,160.18
-45.113215057521494,-75.0809982030994,160.05
-45.07561727805306,-75.01842499014815,159.92
-45.03595934628498,-74.95242310799408,159.77
-44.994756300292174,-74.88384972393791,159.62
-44.95097806392483,-74.81099050337824,159.46
-44.90565471333274,-74.73555978091645,159.29
-44.85775617236611,-74.65584322195116,159.12
-44.807797479099825,-74.57269799378305,158.93
-44.75629367160882,-74.48698126371283,158.74
-44.70221467374327,-74.39697869713912,158.55
-44.64607552357808,-74.30354746136258,158.34
-44.58787622111324,-74.20668755638326,158.13
-44.52710172827385,-74.10554181490039,157.91
-44.46426708313482,-74.00096740421473,157.68
-44.39937228569616,-73.89296432432629,157.45
-44.33241733595785,-73.78153257523499,157.2
-44.262887195844996,-73.66581498964023,156.96
-44.1912969034325,-73.54666873484263,156.7
-44.11713142064545,-73.42323664354151,156.44
-44.04090578555876,-73.29637588303761,156.17
-43.962619998172435,-73.16608645333089,155.89
-43.88124398233664,-73.03065401981995,155.61
-43.79832285227612,-72.89265008440691,155.32
-43.712311493766144,-72.74950314518966,155.03
-43.624239982956524,-72.6029275367696,154.72
-43.53359328177236,-72.45206609184604,154.42
-43.44088642828854,-72.29777597771964,154.1
-43.34508934635528,-72.13834285978906,153.78
-43.28431485351589,-72.0371971183062,153.46
-43.21117944687866,-71.9154793616065,153.14
-43.12722824066832,-71.77576109159206,152.81
-43.03761161563397,-71.62661398126988,152.47
-42.94335964792543,-71.4697523652414,152.12
-42.84498737561761,-71.3060334108073,151.77
-42.743524874860334,-71.13717145256899,151.41
-42.63845710757868,-70.96230932322577,151.05
-42.53338934029703,-70.78744719388253,150.68
-42.42832157301538,-70.6125850645393,150.3
-42.33046433878246,-70.44972327740588,149.93
-42.23312214262447,-70.2877186575732,149.55
-42.12908445149264,-70.11457086283137,149.16
-42.0198963796117,-69.93285139508252,148.77
-41.90607296505658,-69.74341742162734,148.37
-41.78812924590218,-69.54712610976657,147.96
-41.6660652221485,-69.34397745950017,147.56
-41.54039593187044,-69.13482863812885,147.14
-41.41112137506802,-68.91967964565262,146.72
-41.27875658981614,-68.69938764937218,146.3
-41.14278653803988,-68.47309548198682,145.87
-41.003211219739256,-68.24080314349655,145.43
-40.861060711064084,-68.00422496850277,144.99
-40.71530493586454,-67.76164662240407,144.55
-40.56697397029044,-67.51478243980186,144.1
-40.415552776266885,-67.26277525339545,143.65
-40.26104135379387,-67.00562506318481,143.2
-40.10343970287139,-66.74333186916995,142.74
-39.94274782349945,-66.4758956713509,142.28
-39.77948075375297,-66.20417363702833,141.81
-39.61363849363193,-65.92816576620226,141.34
-39.44419096698652,-65.64615772427125,140.87
-39.27268328804147,-65.36072101313745,140.39
-39.09757034257206,-65.06928413089874,139.91
-38.91988220672808,-64.7735614121565,139.43
-38.73961888050957,-64.47355285691077,138.94
-38.556780363916495,-64.16925846516152,138.45
-38.37085161887397,-63.85982106960806,137.96
-38.18183264538198,-63.54524067025038,137.46
-37.99023848151544,-63.22637443438919,136.96
-37.79606912727435,-62.9032223620245,136.46
-37.598809544583794,-62.57492728585559,135.96
-37.399489809593604,-62.24320354048387,135.46
-37.196564808079046,-61.90547962400724,134.95
-36.99157965426484,-61.56432703832779,134.44
-36.78350427200118,-61.218031448844144,133.92
-36.57285369936297,-60.867450022856985,133.41
-36.3591128982753,-60.511725593065606,132.89
-36.142796906813075,-60.15171532677071,132.37
-35.9239057249763,-59.78741922397232,131.85
-35.702439352764976,-59.4188372846704,131.33
-35.47839779017911,-59.045969508865,130.8
-35.25126599914377,-58.66795872925536,130.28
-35.021559017733885,-58.28566211314222,129.75
-34.78876180787454,-57.89822249322487,129.22
-34.55390444571556,-57.50735420410471,128.69
-34.31595685510711,-57.11134291118032,128.16
-34.07543407412412,-56.71104578175244,127.62
-33.83233610276657,-56.306462815821035,127.09
-33.58614790295956,-55.89673684608543,126.55
-33.337384512778,-55.48272503984631,126.02
-33.0860459322219,-55.06442739710368,125.48
-32.83522238974071,-54.64698692166176,124.94
-32.58336877110969,-54.227832111618426,124.4
-32.32893996210412,-53.80439146507158,123.86
-32.071935962724005,-53.376664982021225,123.32
-31.812871811044246,-52.94550982976806,122.78
-31.55071743091503,-52.50921167371069,122.24
-31.28650289848617,-52.06948484845051,121.7
-31.019713175682764,-51.62547218668681,121.16
-30.7503482625048,-51.1771736884196,120.62
-30.478408158952295,-50.72458935364889,120.08
-30.204407903100147,-50.26857634967537,119.54
-29.927317418798538,-49.807420341897625,119.0
-29.6486818202722,-49.34369283221779,118.46
-29.366955993296397,-48.87482231873373,117.91
-29.083170014020958,-48.40252313604687,117.37
-28.797323882445873,-47.926795284157194,116.83
-28.508902560496246,-47.446781595764016,116.29
-28.217906048172065,-46.96248207086732,115.76
-27.924849383548246,-46.47475387676782,115.22
-27.629732566624785,-45.983597013465506,114.68
-27.33204055932677,-45.488154313659685,114.14
-27.03228839972912,-44.98928294465105,113.61
-26.73047608783183,-44.486982906439614,113.08
-26.426088585559985,-43.98039703172467,112.54
-26.119640930988503,-43.470382487806916,112.01
-25.811133124117383,-42.95693927468635,111.48
-25.500565164946618,-42.44006739236298,110.95
-25.187937053476215,-41.91976684083679,110.42
-24.87324878970617,-41.3960376201078,109.9
-24.55650037363649,-40.868879730176005,109.37
-24.237691805267165,-40.3382931710414,108.85
-23.9168230845982,-39.804277942703976,108.33
-23.593894211629596,-39.266834045163755,107.81
-23.26890518636135,-38.72596147842072,107.3
-22.942371046868377,-38.182517409775585,106.78
-22.61377675507576,-37.635644671927636,106.27
-22.283122310983508,-37.08534326487688,105.76
-21.95092275266652,-36.53247035592402,105.26
-21.616663042049897,-35.97616877776834,104.75
-21.280858217208543,-35.41729569771057,104.25
-20.942993240067544,-34.85499394844998,103.75
-20.60358314870182,-34.29012069728729,103.26
-20.262112905036453,-33.72181877692179,102.76
-19.91961258522127,-33.15180252195489,102.27
-19.57505211310644,-32.57835759778517,101.78
-19.228946526766883,-32.002341171713354,101.3
-18.881295826202596,-31.423753243739426,100.82
-18.53158497333867,-30.841736646562698,100.34
-18.18084404432492,-30.258005714784556,99.867
-17.828558001086446,-29.671703281104314,99.395
-17.47472684362324,-29.082829345521965,98.927
-17.119865610010212,-28.492241075338207,98.463
-16.76294422409754,-27.89822413595164,98.002
-16.404992762035057,-27.302492861963675,97.545
-16.045496185747837,-26.704190086073602,97.092
-15.6849695333108,-26.104172975582124,96.642
-15.322897766649032,-25.501584363188538,96.197
-14.959795923837442,-24.897281416193547,95.755
-14.595148966801125,-24.290406967296455,95.318
-14.229471933614985,-23.681818183797954,94.884
-13.862764824279028,-23.07151506569805,94.455
-13.495027638793248,-22.459497612996742,94.029
-13.12626037715765,-21.84576582569403,93.609
-12.75594800129732,-21.22946253648921,93.192
-12.385120587362081,-20.61230207998369,92.78
-12.012748059202112,-19.992570121576065,92.372
-11.639860492967232,-19.371980995867734,91.969
-11.265942850582531,-18.749677535558,91.571
-10.890995132048012,-18.125659740646864,91.177
-10.515532375438584,-17.500784778435026,90.787
-10.139039542679333,-16.87419548162178,90.403
-9.761516633770263,-16.24589185020713,90.023
-9.383993724861192,-15.617588218792482,89.648
-9.004925701727393,-14.98671308547573,89.279
-8.625857678593594,-14.355837952158975,88.914
-8.245759579309974,-13.723248484240816,88.554
-7.865146441951443,-13.089801849021955,88.199
-7.484018266518002,-12.455498046502392,87.849
-7.101860014934741,-11.819479909381423,87.504
-6.719701763351481,-11.183461772260458,87.165
-6.3370284736933105,-10.546586467838788,86.831
-5.95384014596023,-9.908853996116417,86.502
-5.5701367801522395,-9.270264357093343,86.179
-5.186433414344249,-8.631674718070268,85.86
-4.802215010461348,-7.992227911746493,85.548
-4.417739087540992,-7.352352521772367,85.24
-4.032954141775691,-6.711962831417819,84.939
-3.647963180780425,-6.07123027414299,84.642
-3.262817708362686,-5.43024056667795,84.352
-2.877517724522474,-4.7889937090227,84.066
-2.4920632292597893,-4.147489701177239,83.787
-2.1065572301896136,-3.5058999766017083,83.513
-1.7210512311194381,-2.864310252026178,83.245
-1.3354937282417714,-2.2226348107205767,82.982
-0.9499877291715956,-1.5810450861450458,82.726
-0.5645332339089107,-0.9395410782995851,82.475
-0.17919719740345527,-0.2982342189332859,82.229
0.2060100795832727,0.3428583486078378,81.99
0.5910576947667785,0.9836851942857439,81.756
0.9758426405320803,1.624074884640292,81.529
1.360421571067418,2.264121708074559,81.307
1.7447429825653005,2.903739947858475,81.091
2.1287553712182374,3.54284388726197,80.881
2.512355729411246,4.181262092824903,80.677
2.8956470647593084,4.819165998007415,80.479
3.278474865839952,5.456298452619294,80.287
3.660839132653176,6.0926594566605425,80.101
4.042739865198982,6.728249010131159,79.92
4.424125559669877,7.362981396301073,79.746
4.804996216065862,7.996856615170285,79.578
5.185403338194428,8.629960383468864,79.416
5.564986399403138,9.261692684086322,79.26
5.943539384462029,9.891710650102373,79.11
6.322092369520919,10.521728616118427,78.966
6.699615278429988,11.150032247533074,78.828
7.076623149264149,11.77747871164702,78.696
7.452600943948489,12.403210841159563,78.57
7.827548662483008,13.027228636070701,78.45
8.201981342942618,13.650389263681136,78.336
8.575383947252407,14.271835556690165,78.228
8.947756475412378,14.891567515097794,78.126
9.319613965497435,15.510442306204718,78.031
9.689926341357765,16.12674559540954,77.941
10.059723679143184,16.742191717313652,77.857
10.428490940778785,17.355923504616367,77.78
10.795713088189652,17.96708379001697,77.708
11.1619051594507,18.576529740816174,77.642
11.52758219263684,19.185118524314674,77.582
11.891714111598247,19.791135805911065,77.529
12.254300916334927,20.39458158560535,77.481
12.615857644921785,20.996313030698236,77.439
12.976384297358823,21.596330141189714,77.403
13.33536583557113,22.193775749779086,77.373
13.693317297633618,22.789507023767055,77.349
14.049723645471376,23.382666795852916,77.331
14.405099917159315,23.974112233337376,77.319
14.75893107462252,24.562986168919725,77.312
15.111217117860999,25.14928860259997,77.311
15.461958046874747,25.73301953437811,77.316
15.811668899738672,26.31503613155484,77.327
16.15931960030296,26.89362405952877,77.344
16.505940224717428,27.47049765290129,77.366
16.850500696832253,28.043942577071,77.394
17.19403109279726,28.61567316663931,77.428
17.535501336462623,29.183975087004807,77.467
17.87594150397817,29.750562672768904,77.512
18.21432151919408,30.313721589330196,77.563
18.550641382110342,30.873451836688673,77.619
18.885931168876787,31.431467749445748,77.68
19.219160803343595,31.986054993000018,77.748
19.55084532358567,32.53807073465217,77.82
19.880984729603014,33.08751497440223,77.898
20.209063983320718,33.63353054494947,77.981
20.535083084738783,34.176117446293915,78.07
20.859557071932116,34.71613284573624,78.164
21.182485944900723,35.25357674327647,78.264
21.502839627494776,35.786734804313184,78.368
21.8216481958641,36.31732136344779,78.478
22.13891165000869,36.84533642068029,78.593
22.454114951853647,37.36992280870998,78.713
22.76725810139896,37.891080527536865,78.838
23.078341098644632,38.40880957716094,78.968
23.387363943590664,38.923109957582206,79.103
23.694326636237058,39.43398166880067,79.244
23.99974421465872,39.94228187811702,79.389
24.30258660270583,40.44629625092986,79.539
24.603883876528215,40.9477391218406,79.693
24.902605959976043,41.44489615624782,79.853
25.199782929199145,41.93948168875294,80.017
25.494384708047697,42.42978138475455,80.186
25.78744137267152,42.91750957885405,80.36
26.07792284692079,43.40095193645004,80.538
26.36634416887042,43.88096562484322,80.721
26.652190300445497,44.35669347673289,80.909
26.93649131779585,44.82984982672046,81.1
27.21821714477165,45.29872034020452,81.297
27.49788281944781,45.76416218448577,81.497
27.775488341824328,46.22617535956421,81.702
28.050518673826296,46.683902698139136,81.911
28.323488853528627,47.13820136751125,82.125
28.593883842856407,47.58821420037986,82.343
28.862218679884545,48.03479836404566,82.564
29.12797832653813,48.47709669120795,82.79
29.39167782089208,48.915966349167434,83.02
29.65331716294639,49.35140733792411,83.254
29.912381314626145,49.78256249017727,83.492
30.16887027593135,50.20943180592692,83.733
30.42278404686201,50.63201528517306,83.979
30.674637665493027,51.05117009521639,84.228
30.924431131824402,51.46689623605692,84.481
31.171134369706316,51.87747937309323,84.737
31.415777455288595,52.28463384092673,84.997
31.658360388571232,52.68835963955743,85.261
31.901973398003687,53.09379977278953,85.529
32.14301121706159,53.494954069518116,85.8
32.38147384574494,53.891822529743195,86.074
32.61684624597884,54.28354798616406,86.353
32.85015849391309,54.67184477338211,86.634
33.08038051339789,55.05499855679596,86.919
33.30802734250814,55.4338665037063,87.207
33.53309898124383,55.80844861411312,87.498
33.755080391530065,56.177887720715724,87.793
33.97448661144175,56.54304099081483,88.09
34.19131764097887,56.90390842441041,88.391
34.40557348014146,57.2604900215025,88.695
34.61725412892949,57.61278578209106,89.002
34.82584454926806,57.95993853887541,89.312
35.031859779232086,58.30280545915626,89.625
35.23529981882156,58.641386542933596,89.94
35.436164668036476,58.97568179020742,90.259
35.63393928880194,59.304834033677025,90.58
35.82965375726776,59.63055760794383,90.904
36.02227799728412,59.951138178406424,91.231
36.212327046925935,60.26743291236551,91.561
36.39980090619319,60.57944180982108,91.893
36.58418453701099,60.886307703472426,92.228
36.76650801552915,61.18974492792097,92.565
36.945741265597846,61.488039148565306,92.905
37.122399325291994,61.78204753270613,93.247
37.2964821946116,62.071770080343455,93.592
37.46747483548173,62.35634962417655,93.939
37.636407324052236,62.637500498806844,94.289
37.802249584173275,62.91350836963293,94.641
37.96551665391976,63.185230403955494,94.995
38.12620853329169,63.452666601774546,95.352
38.28432522228908,63.7158169630901,95.71
38.43935168283701,63.97382432060144,96.071
38.59231799108529,64.22840300890996,96.434
38.74219407088412,64.47783869341427,96.799
38.88949496030839,64.72298854141508,97.166
39.03422065935812,64.96385255291237,97.535
39.17637116803329,65.20043072790615,97.906
39.315431448259005,65.43186589909573,98.279
39.452431576185084,65.6598724010825,98.653
39.5863414756617,65.88273589926504,99.03
39.71767618476376,66.10131356094408,99.408
39.846435703491274,66.3156053861196,99.789
39.972620031844244,66.52561137479162,100.17
40.09571413174774,66.73047435965942,100.55
40.2167480793516,66.93190867532442,100.94
40.334691798506,67.1281999871852,101.33
40.45006032728586,67.32020546254248,101.72
40.562853665691165,67.50792510139625,102.11
40.67307181372191,67.6913589037465,102.5
40.780714771378115,67.87050686959324,102.89
40.88526750058485,68.04451183163576,103.28
40.98724503941705,68.21423095717479,103.68
41.086647387874685,68.3796642462103,104.08
41.18347454595778,68.54081169874229,104.48
41.277726513666316,68.69767331477077,104.88
41.3694032910003,68.85024909429575,105.28
41.45850487795975,68.99853903731722,105.68
41.544516236469725,69.14168597653446,106.08
41.62795240460515,69.28054707924821,106.49
41.70881338236603,69.41512234545844,106.89
41.78709916975236,69.54541177516516,107.3
41.862809766764144,69.67141536836839,107.71
41.935430135326456,69.79227595776737,108.12
42.00599035158913,69.90970787796356,108.53
42.07346033940235,70.02199679435553,108.94
42.13835513684102,70.129999874244,109.35
42.20067474390513,70.23371711762896,109.76
42.2604191605947,70.3331485245104,110.17
42.31758838690972,70.42829409488834,110.59
42.37166738477528,70.51829666146206,111.0
42.42368623034119,70.60487055883299,111.42
42.47261484745764,70.68630145239968,111.83
42.51896827419955,70.76344650946287,112.25
42.5627465105669,70.83630573002254,112.67
42.603949556559705,70.90487911407871,113.09
42.642577412177964,70.96916666163138,113.51
42.67811503934676,71.02831120537982,113.92
42.711077476141,71.08316991262475,114.34
42.7419797606356,71.13459995066688,114.76
42.769791816680744,71.1808869849048,115.18
42.79502868235134,71.2228881826392,115.6
42.81717531957247,71.25974637656938,116.03
42.83726180449396,71.29317590129678,116.45
42.854258060965996,71.32146242221994,116.87
42.86919416513839,71.34632027394031,117.29
42.881040040861315,71.36603512185644,117.71
42.8903107262097,71.38146413326909,118.13
42.89700622118353,71.39260730817821,118.56
42.9006114877079,71.39860747928313,118.98
