x,y,z
-70.64155836173414,44.14174479136174,119.4
-70.63901421744568,44.14015503356904,119.82
-70.63307788077257,44.136445598719405,120.24
-70.62205325552253,44.12955664828437,120.67
-70.60678838979172,44.120018101528174,121.09
-70.58728328358012,44.10782995845081,121.51
-70.5626898887916,44.092462299788046,121.93
-70.53470430161843,44.07497496406835,122.35
-70.50163042586833,44.05430811276326,122.77
-70.4651643577336,44.031521584401226,123.2
-70.42361000102194,44.005555540453805,123.62
-70.37781540382949,43.97693990018521,124.04
-70.3269325180601,43.945144744331216,124.46
-70.2726574399061,43.91122991142029,124.88
-70.2141421212713,43.8746654821882,125.29
-70.15053851405956,43.83492153737071,125.71
-70.08269466636705,43.79252799623205,126.13
-70.01061057819376,43.74748485877223,126.55
-69.93428624953968,43.69979212499124,126.97
-69.85372168040482,43.64944979488909,127.38
-69.76891687078917,43.59645786846576,127.8
-69.6790237725966,43.54028642645705,128.21
-69.58489043392322,43.48146538812716,128.63
-69.48736490286524,43.42052467274034,129.04
-69.3847510832303,43.35640444176812,129.45
-69.2778970231146,43.28963461447474,129.86
-69.16595467442195,43.21968527159596,130.27
-69.05062013334468,43.147616251660246,130.68
-68.93019730369048,43.072367716139134,131.09
-68.80638228165164,42.99499950356108,131.5
-68.67747897103585,42.91445177539764,131.91
-68.54433541993929,42.831254450913015,132.31
-68.40610358026579,42.744877610843005,132.72
-68.26447954820767,42.65638109371606,133.12
-68.11861527566876,42.56523498026795,133.52
-67.96766271455293,42.47090935123444,133.92
-67.81246991295629,42.373934125879764,134.32
-67.65303687087889,42.274309304203925,134.72
-67.4893635883207,42.17203488620691,135.12
-67.32145006528172,42.06711087188874,135.51
-67.14929630176196,41.959537261249395,135.91
-66.97205424966528,41.84878413502465,136.3
-66.7905719570878,41.73538141247875,136.69
-66.60569747212571,41.619859012875914,137.08
-66.41573469858666,41.501157097687674,137.47
-66.22068363647068,41.37927566691404,137.86
-66.02224038197008,41.25527455908347,138.24
-65.81955688698869,41.12862385493173,138.63
-65.61178510343036,40.998793635194595,139.01
-65.39977307939127,40.866313819136295,139.39
-65.18352081487137,40.731184406756825,139.77
-64.96302830987071,40.59340539805619,140.14
-64.73829556438925,40.452976793034395,140.52
-64.50847453033086,40.30936867242719,140.89
-64.27526130388785,40.16364087476307,141.26
-64.03695978886789,40.01473356151353,141.63
-63.794418033367144,39.86317665194284,142.0
-63.54763603738563,39.70897014605097,142.36
-63.29661380092333,39.55211404383795,142.73
-63.040503275884085,39.39207842603952,143.09
-62.78100055846022,39.22992313118416,143.45
-62.51640955245942,39.064588320743404,143.8
-62.247578305977825,38.89660391398147,144.16
-61.97450681901545,38.72596991089838,144.51
-61.697195091572304,38.55268631149412,144.86
-61.41479507555222,38.37622319650446,145.2
-61.1290028671475,38.19764040445787,145.55
-60.838122370165856,38.01587809682589,145.89
-60.543001632703415,37.83146619287273,146.23
-60.24364065476019,37.64440469259841,146.57
-59.9400394363362,37.454693596002926,146.9
-59.63134992933526,37.26180298382204,147.23
-59.31842018185354,37.066262775319984,147.56
-59.002098241987184,36.868602889761,147.89
-58.67983996544775,36.66723356935238,148.21
-58.35418949652368,36.46374457188683,148.54
-58.02429878711883,36.257605978100116,148.85
-57.68931978913704,36.048287868727996,149.17
-57.350100550674476,35.83632016303472,149.48
-57.00664107173112,35.62170286102027,149.79
-56.65894135230699,35.40443596268466,150.1
-56.307001392402064,35.18451946802787,150.4
-55.949973143920204,34.96142345778569,150.7
-55.58870465495758,34.73567785122235,151.0
-55.22319592551415,34.507282648337835,151.3
-54.85344695558995,34.27623784913216,151.59
-54.479457745184966,34.04254345360532,151.87
-54.100380246203045,33.80566954249307,152.16
-53.71706250674034,33.56614603505967,152.44
-53.32950452679685,33.323972931305086,152.72
-52.93685825827642,33.07862031196512,152.99
-52.54081979737138,32.83114801556821,153.26
-52.14223719217786,32.5820859613786,153.53
-51.743654586984334,32.333023907188995,153.8
-51.341679789406186,32.081842175942455,154.06
-50.93461670325111,31.827480929110518,154.31
-50.525009472807554,31.571529924485883,154.57
-50.110313953787056,31.312399404275844,154.81
-49.69222624238194,31.051149207008873,155.06
-49.26989829049604,30.78724941342074,155.3
-48.84417814622551,30.52122994277567,155.54
-48.414217761474205,30.252560875809433,155.77
-47.98001713624212,29.981242212522034,156.0
-47.5424243186254,29.7078038721777,156.23
-47.10143930862406,29.432245854776433,156.45
-46.656214058141934,29.154038241054,156.67
-46.20674856717903,28.8731810310104,156.88
-45.753890883831495,28.59020414390987,157.09
-45.29764100809934,28.305107579752406,157.3
-44.83799893998256,28.01789133853801,157.5
-44.37411663138499,27.72802550100245,157.69
-43.9068421304028,27.436039986409952,157.88
-43.436175437035985,27.141934794760523,158.07
-42.961268503188386,26.845180006789928,158.25
-42.48296937695616,26.5463055417624,158.43
-42.00212610643547,26.245841318942173,158.61
-41.517042595434,25.94272749980078,158.78
-41.0285668920479,25.637494003602455,158.94
-40.53585094818101,25.32961091108296,159.1
-40.04059086002566,25.020138060770773,159.26
-39.54193857948568,24.708545533401647,159.41
-39.03989410656107,24.394833328975587,159.55
-38.534457441251845,24.079001447492598,159.69
-38.02562858355799,23.761049888952673,159.83
-37.51340753347951,23.440978653355817,159.96
-36.99864233911256,23.119317659966264,160.08
-36.48048495236098,22.79553698951978,160.2
-35.958935373224776,22.469636642016354,160.32
-35.43399360170395,22.141616617456002,160.43
-34.90565963779849,21.81147691583871,160.53
-34.374781529604576,21.479747456428726,160.63
-33.84135927712218,21.146428239226044,160.73
-33.30454483225516,20.810989344966423,160.81
-32.76433819500352,20.47343077364987,160.9
-32.2215874134634,20.13428244454062,160.98
-31.67544443953867,19.793014438374435,161.05
-31.126757321325464,19.450156674415553,161.12
-30.575526058823787,19.10570915266397,161.18
-30.021750652033642,18.75967187311969,161.23
-29.464583052858867,18.41151491651847,161.29
-28.904871309395627,18.061768202124558,161.33
-28.342615421643917,17.71043172993794,161.37
-27.777815389603738,17.357505499958627,161.4
-27.209623165178932,17.00245959292238,161.43
-26.63973484456181,16.646353847357666,161.46
-26.067302379656223,16.28865834400025,161.47
-25.492325770462166,15.92937308285014,161.48
-24.914805016979642,15.568498063907327,161.49
-24.334740119208647,15.206033287171815,161.49
-23.75213107714918,14.841978752643602,161.48
-23.1678259388974,14.476864379586925,161.47
-22.580976656357155,14.110160248737547,161.45
-21.992431277624597,13.742396279359703,161.43
-21.401341754603568,13.37304255218916,161.4
-20.80770808729407,13.002099067225917,161.36
-20.212378323792258,12.630095743734206,161.32
-19.615352464098134,12.257032581714029,161.27
-19.015782460115542,11.882379661901153,161.22
-18.414516359940635,11.506666903559811,161.16
-17.811554163573415,11.129894306690003,161.1
-17.206895871013884,10.752061871291726,161.03
-16.600541482262038,10.373169597364985,160.95
-15.991642949221726,9.992687565645545,160.86
-15.381896368085258,9.611675614661872,160.78
-14.770453690756474,9.22960382514973,160.68
-14.157314917235375,8.846472197109122,160.58
-13.542480047521968,8.46228073054005,160.47
-12.925949081616247,8.07702942544251,160.36
-12.308570067614367,7.691248201080736,160.24
-11.689494957420177,7.304407138190497,160.11
-11.068723751033673,6.91650623677179,159.98
-10.447104496551013,6.528075416088852,159.84
-9.824637193972197,6.139114676141679,159.7
-9.201321843297222,5.749624016930273,159.55
-8.576310396429937,5.359073519190401,159.39
-7.9499420726088,4.967675150627755,159.23
-7.322980115120354,4.575905838580147,159.06
-6.695085304726137,4.183553615341883,158.89
-6.066342446235763,3.7906714728393847,158.71
-5.436836344458847,3.397312402999076,158.52
-4.8065669993953914,3.0034764058209587,158.33
-4.175534411045395,2.609163481305031,158.14
-3.5439081890280884,2.21447961330414,157.93
-2.911688333343473,1.8194248018182857,157.72
-2.278959648801164,1.4240520387738915,157.51
-1.6457221354011604,1.0283613241709575,157.29
-1.0121454027626946,0.63245864186233,157.06
-0.37818704848095824,0.23631749588479772,156.82
0.25605964215347127,-0.16000382264257387,156.59
0.8905353057738631,-0.5564682193712884,156.34
1.5252145009373324,-0.953059796723419,156.09
2.1599785009104173,-1.349704366001973,155.83
2.7948273056931177,-1.74640192720695,155.57
3.4296761104758184,-2.143099488411927,155.3
4.064440110448903,-2.539744057690481,155.03
4.699034500802757,-2.9362826431161886,154.75
5.333544086346995,-3.3327682366154723,154.47
5.967799257462386,-3.7290948543354863,154.18
6.60180001414893,-4.12526249627623,153.88
7.235376746787396,-4.521165178584858,153.58
7.868529455377783,-4.916802901261368,153.27
8.501682163968171,-5.31244062393788,152.96
9.133477995604709,-5.707230475791617,152.64
9.765273827241247,-6.102020327645355,152.32
10.396221610781627,-6.496280260234859,151.99
11.026321346225853,-6.89001027356013,151.66
11.65557303357392,-7.283210367621168,151.32
12.28482472092199,-7.676410461682207,150.97
12.912380312077744,-8.068550717214778,150.62
13.539087855137343,-8.460161053483116,150.27
14.164947350100784,-8.85124147048722,149.91
14.789958796968072,-9.241791968227094,149.54
15.413274147643044,-9.6312826274385,149.17
16.036589498318016,-10.020773286649904,148.8
16.65736070470452,-10.408674188068611,148.42
17.27728386299487,-10.796045170223085,148.04
17.89635897318906,-11.182886233113324,147.65
18.513737987190936,-11.568667457475096,147.25
19.1294209050005,-11.953388843308403,146.85
19.744255774713913,-12.337580309877476,146.45
20.35654650013885,-12.720182018653851,146.04
20.967989177467636,-13.102253808165992,145.63
21.577735758604103,-13.483265759149665,145.22
22.184938195452105,-13.86268795234064,144.79
22.79129258420395,-14.241580226267383,144.37
23.395102828667326,-14.618882742401423,143.94
23.99721697693839,-14.995125420007,143.51
24.597635029017137,-15.370308259084108,143.07
25.196356984903574,-15.74443125963275,142.63
25.792534796501542,-16.116964502388694,142.18
26.387016511907195,-16.48843790661617,141.73
26.97895408302438,-16.858321553050946,141.28
27.5683475098531,-17.226615441693028,140.82
28.156044840489503,-17.593849491806637,140.36
28.741198026837434,-17.959493784127545,139.9
29.323807068896905,-18.32354831865576,139.43
29.904720014764052,-18.686543014655502,138.96
30.48224076824658,-19.04741803359832,138.48
31.05806542553679,-19.407233214012663,138.01
31.63049789044238,-19.764928717370076,137.52
32.200386211059495,-20.12103446293479,137.04
32.7685784354843,-20.476080369971037,136.55
33.33337846752448,-20.82900659995035,136.06
33.895634355276194,-21.180343072136967,135.57
34.45449805064328,-21.52955986726665,135.07
35.01081760172189,-21.87718690460363,134.57
35.56459300851204,-22.223224184147913,134.07
36.11497622291756,-22.567141786635265,133.57
36.66281529303461,-22.909469631329912,133.06
37.20726217076704,-23.24967779896763,132.55
37.74831685611484,-23.587766289548416,132.04
38.286827397174164,-23.924265022336503,131.53
38.82194574584887,-24.258644078067654,131.01
39.353671902138956,-24.590903456741874,130.49
39.88285391414056,-24.921573077623396,129.97
40.40779568566139,-25.24959310218375,129.45
40.93019331289375,-25.576023368951404,128.93
41.448350699645324,-25.89980403939789,128.4
41.96396394210843,-26.221994952051677,127.87
42.476184992186916,-26.542066187648537,127.34
42.98416580178461,-26.859487826924223,126.81
43.48875441899769,-27.17478978914298,126.28
43.989950843826136,-27.487972074304803,125.75
44.487755076269956,-27.799034682409697,125.21
44.98131906823299,-28.107447694193418,124.68
45.472338915907564,-28.414270948184445,124.14
45.95827047500519,-28.71791468659007,123.6
46.44165788981436,-29.019968667203,123.07
46.92080506414274,-29.31937305149476,122.53
47.39571199799034,-29.616127839465353,121.99
47.867226739453315,-29.91076295037902,121.45
48.3345012404355,-30.202748464971513,120.91
48.79838354903307,-30.49261430250708,120.37
49.258025617149855,-30.779830543721474,119.82
49.71427549288201,-31.064927107878937,119.28
50.16628512813338,-31.347374075715237,118.74
50.61405452290398,-31.627171447230367,118.2
51.05758367719379,-31.904319222424334,117.66
51.49772063909897,-32.17934732056137,117.12
51.93361736052337,-32.451725822377234,116.58
52.36442579337084,-32.720924808607705,116.03
52.79269008192984,-32.988534037045476,115.49
53.21586608191189,-33.25296374989784,114.95
53.634801841413164,-33.51474386642904,114.42
54.04949736043366,-33.77387438663908,113.88
54.46588897564646,-34.034064745377584,113.34
54.879736446570796,-34.29266534632339,112.8
55.28934367701435,-34.54861635094802,112.26
55.69471066697713,-34.8019177592515,111.73
56.09583741645912,-35.05256957123381,111.19
56.49187587736417,-35.30004186763071,110.66
56.88452214588459,-35.545394486970686,110.13
57.27208012582808,-35.78756759072526,109.59
57.65454981719463,-36.02656117889443,109.06
58.03362731617655,-36.26343509000668,108.54
58.407616526581535,-36.49712948553352,108.01
58.77736549650573,-36.7281742847392,107.48
59.142026177853005,-36.95603956835948,106.96
59.50329466681564,-37.18178517492282,106.44
59.85947486720133,-37.404351265900765,105.92
60.210566779010094,-37.62373784129331,105.4
60.558266498434236,-37.84100473962893,104.89
60.90087792928143,-38.05509212237914,104.38
61.239249119647845,-38.266529908808195,103.87
61.57253202143732,-38.474788179651846,103.36
61.901574682746,-38.680396854174326,102.85
62.226377103573924,-38.88335593237564,102.35
62.54609123582489,-39.08313549499156,101.85
62.861565127595085,-39.28026546128631,101.35
63.17279877888449,-39.4747458312599,100.85
63.478944141596955,-39.666046685648084,100.36
63.78084926382865,-39.85469794371511,99.871
64.0776660974834,-40.04016968619673,99.385
64.37024269065736,-40.22299183235718,98.901
64.65773099525438,-40.40263446293224,98.421
64.94097905937063,-40.57962749718613,97.944
65.21998688300611,-40.75397093511886,97.471
65.49305836996847,-40.924604938201945,97.001
65.76273766454622,-41.09311926422811,96.534
66.02648062245086,-41.25792415540463,96.072
66.28598333987473,-41.42007945025999,95.613
66.54039776872165,-41.579055229529956,95.158
66.7905719570878,-41.73538141247875,94.706
67.03480980878086,-41.887998160577915,94.26
67.27480741999312,-42.03796531235591,93.817
67.5088686945323,-42.184223029284276,93.378
67.73784168049453,-42.32730123062724,92.945
67.96257442597599,-42.46772983564904,92.515
68.18052278668819,-42.60391908655698,92.091
68.39338285882344,-42.73692882187951,91.671
68.60030659428561,-42.86622912235241,91.256
68.80214204117084,-42.99234990723991,90.846
68.99634505519066,-43.113701418749315,90.442
69.18376368444123,-43.230813576144854,90.044
69.36439792892256,-43.34368637942653,89.651
69.53570364434616,-43.45073007080164,89.264
69.69683278261587,-43.55141473100595,88.884
69.84778534373172,-43.645740360039454,88.51
70.02502739582842,-43.7564934862642,88.135
70.20311749602126,-43.867776531753165,87.764
70.37611930763718,-43.975880061656746,87.399
70.54318478258,-44.080274156710686,87.04
70.70516196894586,-44.181488736179226,86.687
70.8603547705425,-44.2784639615339,86.34
71.00876318736987,-44.371199832774714,86.0
71.14784307513952,-44.45810659210896,85.667
71.2691139528899,-44.533885046894305,85.343
71.36748753204404,-44.59535568154536,85.029
71.52437642983298,-44.6933907454285,84.707
71.67787313523729,-44.78930613225471,84.392
71.82712960016082,-44.88257192275976,84.083
71.97214582460356,-44.97318811694363,83.781
72.11376985666169,-45.06168463407057,83.485
72.25115364823904,-45.14753155487636,83.196
72.38429719933559,-45.23072887936097,82.913
72.51404855804753,-45.31180652678865,82.637
72.63955967627868,-45.390234577895164,82.368
72.7616786021252,-45.46654295194475,82.105
72.87955728749094,-45.540201729673164,81.85
72.99404378047205,-45.611740830344644,81.601
73.1042900329724,-45.68063033469496,81.359
73.2111440930881,-45.747400161988345,81.125
73.31460596081918,-45.81205031222479,80.898
73.41467563616565,-45.87458078540432,80.677
73.51050507103133,-45.93446166226267,80.464
73.60294231351237,-45.99222286206408,80.259
73.6919873636088,-46.04786438480858,80.061
73.7776402213206,-46.101386230496125,79.87
73.85990088664776,-46.15278839912674,79.687
73.93792131149416,-46.20154097143621,79.511
74.01339759205209,-46.24870378595296,79.344
74.08548168022539,-46.29374692341278,79.183
74.1533255279179,-46.336140464551434,79.031
74.21862523132194,-46.37694424789739,78.886
74.28053274234136,-46.41562835418642,78.749
74.33904806097615,-46.45219278341851,78.621
74.39501923532247,-46.4871674548579,78.5
74.44675016918802,-46.51949252997613,78.387
74.49593695876509,-46.55022784730165,78.282
74.5425796040537,-46.57937340683448,78.185
74.58498200886152,-46.605869370046136,78.096
74.62568831747703,-46.63130549472933,78.015
74.6630024337079,-46.65462194235559,77.943
74.79784208099679,-46.738879105368675,77.854
74.88264689061242,-46.79187103179199,77.784
74.95218683449725,-46.83532441145912,77.725
75.0115502012282,-46.87241875995544,77.676
75.06582527938221,-46.90633359286637,77.636
75.11416402086311,-46.93653899092765,77.605
75.15826252186326,-46.96409479266779,77.583
75.19812078238262,-46.989000998086745,77.569
75.23458685051735,-47.01178752644878,77.564
75.26681267817128,-47.031924458489634,77.567
75.29649436153676,-47.050471632737796,77.579
75.3227838525176,-47.06689912992903,77.599
75.34652919920998,-47.08173686932755,77.628
75.36688235351774,-47.09445493166915,77.665
75.38469136353702,-47.105583236218045,77.71
75.39995622926784,-47.11512178297425,77.764
75.41182890261403,-47.122540652673514,77.827
75.42200547976792,-47.12889968384432,77.898
75.42963791263331,-47.133668957222405,77.977
75.43472620121025,-47.136848472807806,78.065
75.43727034549872,-47.13843823060051,78.162
75.43811839359488,-47.13896814986474,78.266
75.43642229740257,-47.137908311336275,78.379
75.43303010501793,-47.13578863427934,78.501
75.42709376834485,-47.132079199429704,78.631
75.41861328738328,-47.12678000678738,78.769
75.40928475832557,-47.120950894880814,78.916
75.39741208497936,-47.11353202518155,79.07
75.38384331544087,-47.10505331695382,79.233
75.36857844971006,-47.095514770197624,79.405
75.35076943969077,-47.08438646564873,79.585
75.33211238157533,-47.07272824183559,79.772
75.31175922726757,-47.06001017949399,79.968
75.28970997676751,-47.04623227862393,80.173
75.26596463007512,-47.031394539225396,80.385
75.24137123528659,-47.016026880562634,80.605
75.21508174430573,-46.999599383371404,80.834
75.18709615713259,-46.98211204765172,81.07
75.1574144737671,-46.96356487340355,81.314
75.12688474230546,-46.944487779891155,81.567
75.09550696274769,-46.92488076711453,81.827
75.06243308699759,-46.904213915809436,82.095
75.02851116315132,-46.8830171452401,82.37
74.99374119120891,-46.86129045540654,82.654
74.95812317117034,-46.839033846308745,82.945
74.92080905493945,-46.81571739868249,83.244
74.88264689061242,-46.79187103179199,83.55
74.84448472628537,-46.768024664901496,83.864
74.80462646576603,-46.74311845948254,84.185
74.76392015715052,-46.71768233479934,84.514
74.72321384853501,-46.692246210116146,84.85
74.68165949182335,-46.666280166168725,85.193
74.63925708701554,-46.63978420295707,85.544
74.59600663411155,-46.61275832048117,85.901
74.55275618120757,-46.58573243800528,86.266
74.50865768020743,-46.558176636265145,86.638
74.4645591792073,-46.530620834525024,87.016
74.41961263011102,-46.502535113520665,87.402
74.37466608101472,-46.4744493925163,87.794
74.32887148382228,-46.445833752247715,88.193
74.28392493472597,-46.41774803124335,88.599
74.23813033753355,-46.38913239097476,89.011
74.1923357403411,-46.36051675070617,89.429
74.14569309505248,-46.33137119117334,89.854
74.09989849786004,-46.30275555090474,90.285
74.05410390066758,-46.27413991063615,90.722
74.00830930347514,-46.24552427036756,91.166
73.96166665818654,-46.21637871083473,91.615
73.91587206099409,-46.187763070566135,92.071
73.87092551189781,-46.15967734956178,92.532
73.82513091470535,-46.131061709293185,92.999
73.78018436560907,-46.102975988288826,93.471
73.73523781651278,-46.07489026728447,93.95
73.6902912674165,-46.04680454628011,94.433
73.64619276641635,-46.01924874453998,94.922
73.60294231351237,-45.99222286206408,95.416
73.5596918606084,-45.96519697958819,95.916
73.51644140770442,-45.938171097112296,96.42
73.47488705099275,-45.912205053164875,96.929
73.43248464618493,-45.88570908995322,97.443
73.39177833756942,-45.86027296527002,97.962
73.35107202895392,-45.834836840586824,98.485
73.31121376843457,-45.809930635167866,99.013
73.27220355601136,-45.78555434901313,99.546
73.23404139168433,-45.76170798212264,100.08
73.19672727545344,-45.73839153449638,100.62
73.16026120731873,-45.71560500613435,101.17
73.12464318728016,-45.69334839703656,101.72
73.08902516724159,-45.671091787938764,102.27
73.05510324339532,-45.64989501736943,102.82
73.02202936764522,-45.62922816606434,103.38
72.98980353999127,-45.60909123402348,103.95
72.9584257604335,-45.589484221246856,104.51
72.92874407706802,-45.57093704699869,105.08
72.89906239370254,-45.552389872750524,105.66
72.87107680652937,-45.53490253703083,106.23
72.84393926745237,-45.51794512057537,106.81
72.81849782456769,-45.50204754264837,107.39
72.79390442977915,-45.48667988398561,107.98
72.77015908308677,-45.47184214458708,108.56
72.74726178449053,-45.45753432445278,109.15
72.72606058208663,-45.44428634284696,109.74
72.70655547587502,-45.432098199769584,110.34
72.68705036966344,-45.419910056692224,110.93
72.6700894077403,-45.409311671407565,111.53
72.65312844581719,-45.3987132861229,112.13
72.63786358008636,-45.3891747393667,112.73
72.62429481054787,-45.38069603113897,113.33
72.61157408910552,-45.37274724217547,113.93
72.60054946385547,-45.36585829174044,114.54
72.5903728867016,-45.359499260569635,115.14
72.58189240574004,-45.35420006792731,115.75
72.57425997287463,-45.349430794549214,116.35
72.56832363620153,-45.345721359699574,116.96
72.56408339572076,-45.34307176337841,117.57
72.56069120333612,-45.34095208632148,118.18
72.55814705904766,-45.33936232852878,118.79
72.55814705904766,-45.33936232852878,119.4
72.55814705904766,-45.33936232852878,120.01
72.56069120333612,-45.34095208632148,120.61
72.56408339572076,-45.34307176337841,121.22
72.56832363620153,-45.345721359699574,121.83
72.57425997287463,-45.349430794549214,122.44
72.58189240574004,-45.35420006792731,123.05
72.5903728867016,-45.359499260569635,123.65
72.60054946385547,-45.36585829174044,124.26
72.61157408910552,-45.37274724217547,124.86
72.62429481054787,-45.38069603113897,125.46
72.63786358008636,-45.3891747393667,126.07
72.65312844581719,-45.3987132861229,126.67
72.66924135964415,-45.40878175214333,127.27
72.68705036966344,-45.419910056692224,127.86
72.70570742777888,-45.43156828050536,128.46
72.72606058208663,-45.44428634284696,129.05
72.74726178449053,-45.45753432445278,129.64
72.76931103499061,-45.47131222532285,130.23
72.79305638168299,-45.48614996472138,130.82
72.81764977647153,-45.50151762338414,131.4
72.84393926745237,-45.51794512057537,131.98
72.87107680652937,-45.53490253703083,132.56
72.89906239370254,-45.552389872750524,133.14
72.92789602897186,-45.570407127734455,133.71
72.9584257604335,-45.589484221246856,134.28
72.98980353999127,-45.60909123402348,134.85
73.02202936764522,-45.62922816606434,135.41
73.05510324339532,-45.64989501736943,135.97
73.08902516724159,-45.671091787938764,136.53
73.123795139184,-45.69281847777233,137.08
73.15941315922257,-45.71507508687012,137.63
73.19672727545344,-45.73839153449638,138.17
73.23404139168433,-45.76170798212264,138.71
73.27220355601136,-45.78555434901313,139.25
73.31121376843457,-45.809930635167866,139.78
73.35107202895392,-45.834836840586824,140.31
73.39093028947326,-45.85974304600578,140.83
73.43248464618493,-45.88570908995322,141.35
73.47403900289659,-45.91167513390064,141.87
73.51644140770442,-45.938171097112296,142.37
73.55884381251225,-45.96466706032396,142.88
73.60209426541623,-45.99169294279986,143.38
73.64619276641635,-46.01924874453998,143.87
73.6902912674165,-46.04680454628011,144.36
73.73438976841662,-46.074360348020235,144.84
73.77933631751291,-46.10244606902459,145.32
73.82428286660921,-46.130531790028954,145.8
73.87007746380165,-46.159147430297544,146.26
73.91587206099409,-46.187763070566135,146.72
73.96166665818654,-46.21637871083473,147.18
74.00746125537898,-46.24499435110332,147.63
74.05325585257144,-46.27360999137192,148.07
74.0990504497639,-46.30222563164051,148.51
74.14569309505248,-46.33137119117334,148.94
74.19148769224493,-46.35998683144193,149.37
74.23728228943739,-46.38860247171053,149.78
74.28307688662983,-46.41721811197912,150.2
74.32887148382228,-46.445833752247715,150.6
74.37381803291856,-46.473919473252074,151.0
74.41876458201486,-46.50200519425643,151.39
74.46371113111114,-46.530090915260786,151.78
74.50780963211129,-46.55764671700092,152.16
74.55190813311141,-46.58520251874104,152.53
74.59515858601539,-46.61222840121694,152.89
74.63840903891938,-46.63925428369283,153.25
74.6808114437272,-46.66575024690449,153.6
74.72236580043887,-46.69171629085192,153.95
74.76392015715052,-46.71768233479934,154.28
74.80377841766988,-46.7425885402183,154.61
74.84363667818923,-46.767494745637265,154.93
74.88264689061242,-46.79187103179199,155.25
74.9199610068433,-46.81518747941825,155.55
74.9572751230742,-46.83850392704452,155.85
74.99289314311277,-46.860760536142315,156.14
75.02851116315132,-46.8830171452401,156.43
75.06243308699759,-46.904213915809436,156.7
75.09550696274769,-46.92488076711453,156.97
75.12688474230546,-46.944487779891155,157.23
75.1574144737671,-46.96356487340355,157.48
75.18624810903643,-46.98158212838748,157.73
75.21423369620959,-46.99906946410718,157.96
75.24052318719043,-47.0154969612984,158.19
75.26596463007512,-47.031394539225396,158.41
75.28970997676751,-47.04623227862393,158.62
75.31175922726757,-47.06001017949399,158.83
75.33211238157533,-47.07272824183559,159.02
75.35076943969077,-47.08438646564873,159.21
75.36857844971006,-47.095514770197624,159.39
75.38384331544087,-47.10505331695382,159.56
75.39741208497936,-47.11353202518155,159.73
75.40928475832557,-47.120950894880814,159.88
75.41861328738328,-47.12678000678738,160.03
75.42709376834485,-47.132079199429704,160.17
75.43303010501793,-47.13578863427934,160.3
75.43642229740257,-47.137908311336275,160.42
75.43811839359488,-47.13896814986474,160.53
75.43811839359488,-47.13896814986474,160.64
75.43557424930641,-47.137378392072044,160.73
75.43048596072947,-47.13419887648664,160.82
75.42285352786406,-47.12942960310854,160.9
75.41352499880635,-47.12360049120198,160.97
75.400804277364,-47.11565170223848,161.03
75.38553941163319,-47.106113155482284,161.09
75.36857844971006,-47.095514770197624,161.13
75.3482252954023,-47.082796707856026,161.17
75.32447994870992,-47.06795896845749,161.2
75.29819045772908,-47.051531471266266,161.22
75.26935682245976,-47.033514216282335,161.23
75.23628294670965,-47.01284736497724,161.24
75.20066492667108,-46.990590755879445,161.23
75.16080666615173,-46.96568455046049,161.22
75.11755621324775,-46.93865866798459,161.2
75.06921747176683,-46.90845326992329,161.17
75.01663848980513,-46.87559827554084,161.13
74.9572751230742,-46.83850392704452,161.08
74.89027932347783,-46.796640305170094,161.02
74.8088667062468,-46.7457680558037,160.95
74.6630024337079,-46.65462194235559,160.86
74.62653636557319,-46.63183541399357,160.79
74.58667810505382,-46.6069292085746,160.71
74.54342765214986,-46.579903326098716,160.62
74.4976330549574,-46.55128768583012,160.52
74.44844626538033,-46.52055236850459,160.42
74.39586728341864,-46.487697374122135,160.3
74.34074415716847,-46.45325262194697,160.18
74.28222883853367,-46.416688192714886,160.05
74.22032132751426,-46.37800408642586,159.92
74.1550216241102,-46.3372003030799,159.77
74.08717777641769,-46.294806761941246,159.62
74.0150936882444,-46.249763624481425,159.46
73.94046545578263,-46.203130729228896,159.29
73.86159698284008,-46.15384823765522,159.12
73.77933631751291,-46.10244606902459,158.93
73.69453150789727,-46.04945414260127,158.74
73.60548645780084,-45.99381261985678,158.55
73.5130492153198,-45.93605142005537,158.34
73.41721978045412,-45.87617054319701,158.13
73.31715010510766,-45.81364007001749,157.91
73.21368823737657,-45.74898991978104,157.68
73.10683417726086,-45.68222009248766,157.45
72.99658792476052,-45.613330588137345,157.2
72.88210143177942,-45.541791487465865,156.96
72.76422274641368,-45.46813270973745,156.7
72.64210382056714,-45.391824335687865,156.44
72.516592702336,-45.31339628458135,156.17
72.38768939172022,-45.232848556417906,155.89
72.2536977925275,-45.14912131266906,155.61
72.11716204904631,-45.06380431112751,155.32
71.9755380169882,-44.975307794000564,155.03
71.83052179254544,-44.88469159981668,154.72
71.68126532762192,-44.79142580931165,154.42
71.52861667031375,-44.696040341749665,154.1
71.37087972442866,-44.597475358602296,153.78
71.2708100490822,-44.534944885422775,153.46
71.150387219428,-44.459696349901655,153.14
71.0121553797545,-44.373319509831646,152.81
70.86459501102327,-44.281113557855065,152.47
70.70940220942666,-44.184138332500396,152.12
70.54742502306077,-44.08292375303185,151.77
70.38035954811795,-43.97852965797791,151.41
70.20735773650205,-43.870426128074335,151.05
70.03435592488613,-43.76232259817076,150.68
69.86135411327022,-43.65421906826719,150.3
69.7002249750005,-43.55353440806287,149.93
69.53994388482694,-43.4533796671228,149.55
69.36863816940334,-43.34633597574769,149.16
69.18885197301817,-43.233993091730255,148.77
69.0014333437676,-43.116880934334716,148.37
68.80723032974778,-42.995529422825314,147.96
68.60624293095871,-42.86993855720204,147.56
68.39931919549655,-42.74063825672914,147.14
68.18645912336127,-42.6076285214066,146.72
67.96851076264909,-42.47143927049868,146.3
67.74462606526377,-42.331540584741106,145.87
67.51480503120538,-42.18793246413391,145.43
67.28074375666621,-42.04167474720554,144.99
67.04074614545395,-41.89170759542755,144.55
66.7965082937609,-41.739090847328384,144.1
66.54718215349091,-41.58329458364383,143.65
66.292767724644,-41.42431880437386,143.2
66.03326500722011,-41.262163509518494,142.74
65.76867400121931,-41.09682869907774,142.28
65.49984275473773,-40.928844292315816,141.81
65.22677126777536,-40.75821028923272,141.34
64.94776344413988,-40.583866851299994,140.87
64.66536342811979,-40.407403736310336,140.39
64.37702707542662,-40.22723118647105,139.91
64.08445048225265,-40.04440904031059,139.43
63.7876336485979,-39.85893729782897,138.94
63.48657657446236,-39.670815959026186,138.45
63.180431211749905,-39.479515104638004,137.96
62.86919756046049,-39.285034734664414,137.46
62.5537236686903,-39.08790476836966,136.96
62.23400953643933,-38.888125205753745,136.46
61.90920711561141,-38.68516612755242,135.96
61.58101250239888,-38.48008737229417,135.46
61.24688155251325,-38.27129918218629,134.95
60.90935841024299,-38.06039131502147,134.44
60.56674697939579,-37.84630393227126,133.92
60.21989530806782,-37.629566953199884,133.41
59.867955348162894,-37.4096504585431,132.89
59.5117751477772,-37.187084367565156,132.37
59.151354706910716,-36.96186868026604,131.85
58.78669402556345,-36.73400339664576,131.33
58.41779310373541,-36.50348851670432,130.8
58.04380389333043,-36.269794121177476,130.28
57.665574442444665,-36.03345012932947,129.75
57.28225670298196,-35.79392662189606,129.22
56.895546771134626,-35.55228343740572,128.69
56.503748550710355,-35.307460737329976,128.16
56.10771008980531,-35.05998844093307,127.62
55.707431388419465,-34.80986654821499,127.09
55.3020643984567,-34.55656513991153,126.55
54.892457168013145,-34.300614135286885,126.02
54.47860969708881,-34.04201353434108,125.48
54.06561027426063,-33.783942852659514,124.94
53.650914755240144,-33.52481233244948,124.4
53.231978995738864,-33.26303221591827,123.86
52.80880299575681,-32.998602503065904,123.32
52.382234803390126,-32.7320531131566,122.78
51.9505783224465,-32.4623242076619,122.24
51.51552964911826,-32.19047562511027,121.7
51.07624073530923,-31.915977446237466,121.16
50.632711581019414,-31.6388296710435,120.62
50.184942186248826,-31.359032299528366,120.08
49.733780599093606,-31.077115250956304,119.54
49.27753072336145,-30.792018686798837,119.0
48.818736703340825,-30.505332364848673,118.46
48.354854394743256,-30.215466527313108,117.91
47.88757989376107,-29.923481012720615,117.37
47.41691320039425,-29.629375821071182,116.83
46.942006266546656,-29.33262103310059,116.29
46.46285909221827,-29.03321664880883,115.76
45.98031972550527,-28.731692587460138,115.22
45.49438816640763,-28.42804884905451,114.68
45.00421636682922,-28.121755514327717,114.14
44.510652374866176,-27.813342502543993,113.61
44.01369619051851,-27.502809813703333,113.08
43.512499765690066,-27.189627528541507,112.54
43.00791114847699,-26.874325566322753,112.01
42.499930338879295,-26.556903927047063,111.48
41.98855733689697,-26.23736261071444,110.95
41.473792142530016,-25.915701617324885,110.42
40.95563475577844,-25.591920946878396,109.9
40.43408517664224,-25.26602059937498,109.37
39.90914340512141,-24.938000574814623,108.85
39.38080944121595,-24.607860873197335,108.33
38.84908328492588,-24.27560149452312,107.81
38.313964936251175,-23.941222438791964,107.3
37.776302443288,-23.605253625268112,106.78
37.23524775794019,-23.267165134687325,106.27
36.690800880207775,-22.92695696704961,105.76
36.14380985818688,-22.585159041619193,105.26
35.593426643781356,-22.24124143913184,104.75
35.04049928508737,-21.895734078851795,104.25
34.48417973400875,-21.548107041514807,103.75
33.92531603864167,-21.198890246385126,103.26
33.36306015088996,-20.847553774198513,102.76
32.799108166945935,-20.495157463483434,102.27
32.23176399061728,-20.14064147571142,101.78
31.661875670000168,-19.784535730146704,101.3
31.089443205094575,-19.426840226789288,100.82
30.513618547804366,-19.067025046374948,100.34
29.93609779432184,-18.70615002743213,99.867
29.356032896550843,-18.34368525069662,99.395
28.77342385449138,-17.979630716168412,98.927
28.189118716239605,-17.61451634311173,98.463
27.601421385603196,-17.24728229299812,98.002
27.012027958774482,-16.878988404356043,97.545
26.420090387657297,-16.509104757921264,97.092
25.8264567203478,-16.138161272958023,96.642
25.230278908749835,-15.76562803020208,96.197
24.63240500095955,-15.392034948917669,95.755
24.031986948880803,-15.016852109840562,95.318
23.42987280060974,-14.640609432234985,94.884
22.826062556146365,-14.263306916100943,94.455
22.220556215490678,-13.884944561438436,94.029
21.613353778642676,-13.50552236824746,93.609
21.003607197506202,-13.124510417263785,93.192
20.39301256827358,-12.742968547015879,92.78
19.779873794752483,-12.359836918975272,92.372
19.16588697313523,-11.976175371670431,91.969
18.55020405532566,-11.591453985837123,91.571
17.932825041323785,-11.205672761475352,91.177
17.314597979225752,-10.819361617849346,90.787
16.694674820935404,-10.431990635694872,90.403
16.073055566452744,-10.043559815011932,90.023
15.451436311970083,-9.655128994328992,89.648
14.827272913198955,-9.265108415853355,89.279
14.203109514427824,-8.875087837377716,88.914
13.577250019464383,-8.484007420373612,88.554
12.950542476404783,-8.092397084105272,88.199
12.322986885249028,-7.700256828572701,87.849
11.693735197900958,-7.307056734511662,87.504
11.064483510552892,-6.913856640450625,87.165
10.434383775108667,-6.520126627125353,86.831
9.803435991568286,-6.125866694535849,86.502
9.171640159931748,-5.731076842682111,86.179
8.53984432829521,-5.336286990828373,85.86
7.9072004485625165,-4.940967219710402,85.548
7.274132544781745,-4.545382488960315,85.24
6.640555812143279,-4.149479806651688,84.939
6.00663986026635,-3.753365156637367,84.642
5.372469493960574,-3.357091530843776,84.352
4.738044713225952,-2.960658929270916,84.066
4.103365518062483,-2.564067351918785,83.787
3.468601518089398,-2.167422782640231,83.513
2.8338375181163133,-1.7707782133616776,83.245
2.1989887133336126,-1.3740806521567004,82.982
1.5642247133605278,-0.9774360828781464,82.726
0.9295455181970587,-0.580844505526016,82.475
0.2950613740957053,-0.184374809604659,82.229
-0.3392107579816089,0.21196240650063963,81.99
-0.9732199951491145,0.6081353476340259,81.756
-1.6067967277875805,1.0040380299426535,81.529
-2.2400342411875838,1.3997287445455875,81.307
-2.872847730539509,1.7951544995164048,81.091
-3.5051523910337408,2.1902623029286827,80.881
-4.136778613051047,2.5849461709295736,80.677
-4.767896006210659,2.9793120873719245,80.479
-5.39825015608373,3.373201076476466,80.287
-6.0278410626702605,3.766613138243197,80.101
-6.656668725970251,4.159548272672119,79.92
-7.284648341174084,4.551953487836807,79.746
-7.911779908281761,4.943828783737262,79.578
-8.538148232102897,5.335227152299907,79.416
-9.163159678970183,5.725777650039779,79.26
-9.786475029645157,6.115268309251184,79.11
-10.40979038032013,6.50475896846259,78.966
-11.03140963480279,6.893189789145529,78.828
-11.652180841189294,7.281090690564236,78.696
-12.271255951383486,7.667931753454475,78.57
-12.888634965385364,8.053712977816248,78.45
-13.505165931291085,8.438964282913789,78.336
-14.120000801004492,8.823155749482861,78.228
-14.733139574525591,9.20628737752347,78.126
-15.345430299950529,9.588889086299842,78.031
-15.955176881087,9.969901037283517,77.941
-16.564075414127313,10.350383069002959,77.857
-17.171277850975315,10.729805262193933,77.78
-17.775936143534846,11.107637697592207,77.708
-18.378898339902065,11.484410294462016,77.642
-18.98101248817313,11.860652972067593,77.582
-19.58058249215572,12.235305891880467,77.529
-20.177608351849845,12.608369053900644,77.481
-20.772938115351657,12.980372377392355,77.439
-21.366571782661154,13.351315862355598,77.403
-21.957661305682183,13.72066958952614,77.373
-22.5470547325109,14.08896347816822,77.349
-23.133904015051147,14.455667609017597,77.331
-23.71905720139908,14.82131190133851,77.319
-24.301666243458545,15.185366435866719,77.312
-24.88173114122954,15.547831212602231,77.311
-25.459251894712068,15.908706231545045,77.316
-26.03507655200228,16.26852141195939,77.327
-26.60750901690787,16.626216915316803,77.344
-27.178245385621143,16.982852580145753,77.366
-27.745589561949792,17.337368567917764,77.394
-28.311237642086127,17.690824717161313,77.428
-28.873493529837837,18.042161189347926,77.467
-29.434053321397233,18.392437823006073,77.512
-29.991220920572008,18.740594779607292,77.563
-30.544996327362156,19.086632059151576,77.619
-31.097075637959986,19.43160950016739,77.68
-31.6457627561732,19.774467264126276,77.748
-32.191905730097936,20.115735270292458,77.82
-32.7355045597342,20.455413518665942,77.898
-33.275711196985846,20.792972089982495,77.981
-33.812525641852865,21.128410984242112,78.07
-34.34679594243141,21.46226012070903,78.164
-34.87852209872149,21.794519499383252,78.264
-35.40600801453079,22.124129281736305,78.368
-35.93094978605161,22.452149306296658,78.478
-36.45334741328397,22.778579573064313,78.593
-36.972352848131706,23.102890162775036,78.713
-37.48796609059481,23.42508107542882,78.838
-38.00018714067329,23.745152311025677,78.968
-38.50901599836715,24.0631038695656,79.103
-39.01445266367638,24.378935751048594,79.244
-39.51734518469714,24.693177874738883,79.389
-40.01599746523712,25.004770402108008,79.539
-40.51210560148863,25.314773171684433,79.693
-41.00397349725936,25.62212634493969,79.853
-41.49329724874161,25.92788976040225,80.017
-41.97838075974309,26.231003579543643,80.186
-42.4609201264561,26.532527640892337,80.36
-42.939219252688325,26.831402105919864,80.538
-43.41412618653592,27.128156893890456,80.721
-43.88479287990273,27.422262085539884,80.909
-44.35291542898108,27.714777519396616,81.1
-44.816797737578646,28.00464335693218,81.297
-45.27728785379159,28.29238951741081,81.497
-45.734385777619906,28.57801600083251,81.702
-46.18724346096744,28.86099288793304,81.911
-46.63670895193034,29.14185009797664,82.125
-47.08193420241246,29.42005771169907,82.343
-47.52376726050996,29.69614564836457,82.564
-47.961360078126674,29.9695839887089,82.79
-48.39556070335877,30.240902651996304,83.02
-48.82636913620623,30.510101638226775,83.254
-49.25293732857291,30.776651028136076,83.492
-49.67526528045882,31.04055082172421,83.733
-50.09335299186393,31.30180101899118,83.979
-50.50804851088442,31.560931539201217,84.228
-50.91935183752029,31.81794238235432,84.481
-51.32556687557922,32.07177370992203,84.737
-51.72838972125352,32.3234853604328,84.997
-52.1278203745432,32.573077333886644,85.261
-52.52894712402519,32.823729145868946,85.529
-52.92583363302639,33.071731361530084,85.8
-53.31847990154682,33.31708398087006,86.074
-53.70603788149031,33.55925708462463,86.353
-54.09020366904917,33.799310511322275,86.634
-54.46928116803109,34.036184422434516,86.919
-54.84411842653223,34.270408737225594,87.207
-55.21471544455259,34.50198345569551,87.498
-55.58022417399601,34.730378658580015,87.793
-55.94149266295865,34.956124265143366,88.09
-56.2985209114405,35.17922027538554,88.391
-56.65130891944158,35.39966668930656,88.695
-56.99985668696186,35.6174635069064,89.002
-57.343316165905215,35.83208080892085,89.312
-57.68253540436779,36.04404851461413,89.625
-58.017514402349576,36.253366623986246,89.94
-58.34825315985058,36.460035137037195,90.259
-58.673903628774646,36.663524134502744,90.58
-58.99616190531409,36.86489345491136,90.904
-59.3133318932766,37.06308325973458,91.231
-59.626261640758315,37.258623468236635,91.561
-59.934951147759264,37.451514080417525,91.893
-60.23855236618326,37.641225177013006,92.228
-60.538761392222625,37.82881659655156,92.565
-60.833882129685065,38.01322850050472,92.905
-61.12476262666672,38.19499080813671,93.247
-61.4114028831676,38.37410351944754,93.592
-61.69295485109153,38.55003671517296,93.939
-61.971114626630836,38.723850233841446,94.289
-62.24418611359321,38.89448423692454,94.641
-62.51301736007479,39.062468643686465,94.995
-62.77760836607559,39.227803454127226,95.352
-63.03795913159562,39.39048866824682,95.71
-63.2932216085387,39.549994366781014,96.071
-63.54509189309716,39.70738038825827,96.434
-63.79187388907868,39.861586894150136,96.799
-64.03441564457941,40.01314380372083,97.166
-64.27271715959938,40.16205111697037,97.535
-64.50677843413855,40.30830883389873,97.906
-64.73575142010078,40.451387035241694,98.279
-64.96133221367839,40.59234555952773,98.653
-65.18182471867907,40.73012456822836,99.03
-65.39807698319895,40.86525398060783,99.408
-65.61008900723806,40.99773379666613,99.789
-65.81786079079639,41.12756401640327,100.17
-66.02054428577776,41.254214720555,100.55
-66.21983558837452,41.3787457476498,100.94
-66.41403860239434,41.500097259159205,101.33
-66.6040013759334,41.618799174347444,101.72
-66.78972390899165,41.73485149321452,102.11
-66.97120620156913,41.84825421576043,102.5
-67.14844825366582,41.95900734198517,102.89
-67.32060201718556,42.066580952624506,103.28
-67.48851554022454,42.17150496694268,103.68
-67.65218882278273,42.27377938493969,104.08
-67.81162186486014,42.37340420661553,104.48
-67.96681466645677,42.4703794319702,104.88
-68.1177672275726,42.564705061003714,105.28
-68.26447954820767,42.65638109371606,105.68
-68.40610358026579,42.744877610843005,106.08
-68.54348737184314,42.83072453164879,106.49
-68.6766309229397,42.9139218561334,106.89
-68.80553423355548,42.994469584296844,107.3
-68.93019730369048,43.072367716139134,107.71
-69.04977208524852,43.14708633239601,108.12
-69.16595467442195,43.21968527159596,108.53
-69.27704897501845,43.289104695210504,108.94
-69.38390303513415,43.355874522503896,109.35
-69.48651685476908,43.41999475347611,109.76
-69.58489043392322,43.48146538812716,110.17
-69.6790237725966,43.54028642645705,110.59
-69.76806882269302,43.59592794920154,111.0
-69.85372168040482,43.64944979488909,111.42
-69.93428624953968,43.69979212499124,111.83
-70.01061057819376,43.74748485877223,112.25
-70.08269466636705,43.79252799623205,112.67
-70.15053851405956,43.83492153737071,113.09
-70.2141421212713,43.8746654821882,113.51
-70.2726574399061,43.91122991142029,113.92
-70.3269325180601,43.945144744331216,114.34
-70.37781540382949,43.97693990018521,114.76
-70.42361000102194,44.005555540453805,115.18
-70.4651643577336,44.031521584401226,115.6
-70.50163042586833,44.05430811276326,116.03
-70.53470430161843,44.07497496406835,116.45
-70.5626898887916,44.092462299788046,116.87
-70.58728328358012,44.10782995845081,117.29
-70.60678838979172,44.120018101528174,117.71
-70.62205325552253,44.12955664828437,118.13
-70.63307788077257,44.136445598719405,118.56
-70.63901421744568,44.14015503356904,118.98
